lHjcR@ya.ru,UPDATE,2024-09-30 23:14:08
vqEZJHoXTQEn@gmail.com,UPDATE,2024-09-30 16:51:07
vqEZJHoXTQEn@gmail.com,CREATE,2024-09-30 03:28:50
ioFEDePcH@ya.ru,CREATE,2024-09-30 01:39:00
vqEZJHoXTQEn@gmail.com,UPDATE,2024-09-30 15:51:33
oAbIL@mail.ru,CREATE,2024-09-30 15:49:46
vqEZJHoXTQEn@gmail.com,READ,2024-09-30 11:13:02
vZtnzh@gmail.com,DELETE,2024-09-30 03:09:57
oAbIL@mail.ru,READ,2024-09-30 16:12:11
oAbIL@mail.ru,CREATE,2024-09-30 07:05:32
vZtnzh@gmail.com,UPDATE,2024-09-30 17:37:36
zSfQCVUpMOsvtX@mail.ru,READ,2024-09-30 21:41:48
qqGwUdmEMl@mail.ru,CREATE,2024-09-30 12:21:52
JQIQXiKY@ya.ru,UPDATE,2024-09-30 00:58:06
lHjcR@ya.ru,DELETE,2024-09-30 09:23:33
BLHFd@ya.ru,CREATE,2024-09-30 01:05:01
vZtnzh@gmail.com,CREATE,2024-09-30 00:39:50
vqEZJHoXTQEn@gmail.com,UPDATE,2024-09-30 08:20:07
zSfQCVUpMOsvtX@mail.ru,UPDATE,2024-09-30 21:35:21
JQIQXiKY@ya.ru,CREATE,2024-09-30 10:50:13
zSfQCVUpMOsvtX@mail.ru,READ,2024-09-30 22:02:11
PyGtVF@gmail.com,UPDATE,2024-09-30 22:17:31
vqEZJHoXTQEn@gmail.com,READ,2024-09-30 00:12:38
ioFEDePcH@ya.ru,DELETE,2024-09-30 01:43:31
lHjcR@ya.ru,READ,2024-09-30 23:53:12
qqGwUdmEMl@mail.ru,CREATE,2024-09-30 20:37:00
PyGtVF@gmail.com,READ,2024-09-30 05:01:35
ioFEDePcH@ya.ru,CREATE,2024-09-30 03:13:39
lHjcR@ya.ru,READ,2024-09-30 10:07:54
BLHFd@ya.ru,CREATE,2024-09-30 21:40:59
oAbIL@mail.ru,READ,2024-09-30 09:53:16
oAbIL@mail.ru,UPDATE,2024-09-30 05:10:24
zSfQCVUpMOsvtX@mail.ru,DELETE,2024-09-30 14:01:37
oAbIL@mail.ru,CREATE,2024-09-30 14:29:54
vqEZJHoXTQEn@gmail.com,DELETE,2024-09-30 13:17:35
lHjcR@ya.ru,READ,2024-09-30 21:19:29
BLHFd@ya.ru,READ,2024-09-30 19:50:17
vqEZJHoXTQEn@gmail.com,DELETE,2024-09-30 17:28:06
PyGtVF@gmail.com,CREATE,2024-09-30 21:24:49
oAbIL@mail.ru,DELETE,2024-09-30 06:57:35
oAbIL@mail.ru,CREATE,2024-09-30 08:05:58
oAbIL@mail.ru,CREATE,2024-09-30 21:59:13
oAbIL@mail.ru,CREATE,2024-09-30 19:32:23
zSfQCVUpMOsvtX@mail.ru,CREATE,2024-09-30 16:56:51
oAbIL@mail.ru,CREATE,2024-09-30 09:24:44
vZtnzh@gmail.com,READ,2024-09-30 20:57:24
vqEZJHoXTQEn@gmail.com,UPDATE,2024-09-30 17:24:13
lHjcR@ya.ru,DELETE,2024-09-30 22:57:09
lHjcR@ya.ru,READ,2024-09-30 00:09:39
vZtnzh@gmail.com,DELETE,2024-09-30 12:31:15
vZtnzh@gmail.com,READ,2024-09-30 02:08:17
JQIQXiKY@ya.ru,READ,2024-09-30 00:10:18
vZtnzh@gmail.com,UPDATE,2024-09-30 13:57:08
oAbIL@mail.ru,CREATE,2024-09-30 17:42:12
vqEZJHoXTQEn@gmail.com,DELETE,2024-09-30 20:27:51
lHjcR@ya.ru,CREATE,2024-09-30 18:13:42
vqEZJHoXTQEn@gmail.com,UPDATE,2024-09-30 14:06:34
BLHFd@ya.ru,DELETE,2024-09-30 03:16:34
PyGtVF@gmail.com,UPDATE,2024-09-30 19:58:05
vqEZJHoXTQEn@gmail.com,CREATE,2024-09-30 17:25:42
lHjcR@ya.ru,DELETE,2024-09-30 00:49:45
PyGtVF@gmail.com,DELETE,2024-09-30 04:49:05
zSfQCVUpMOsvtX@mail.ru,CREATE,2024-09-30 22:16:04
BLHFd@ya.ru,DELETE,2024-09-30 14:02:47
BLHFd@ya.ru,DELETE,2024-09-30 01:27:24
lHjcR@ya.ru,CREATE,2024-09-30 22:52:38
qqGwUdmEMl@mail.ru,CREATE,2024-09-30 21:02:54
BLHFd@ya.ru,UPDATE,2024-09-30 02:20:09
JQIQXiKY@ya.ru,DELETE,2024-09-30 06:03:03
JQIQXiKY@ya.ru,CREATE,2024-09-30 18:41:54
BLHFd@ya.ru,DELETE,2024-09-30 13:02:16
vZtnzh@gmail.com,UPDATE,2024-09-30 12:56:05
lHjcR@ya.ru,READ,2024-09-30 03:22:46
qqGwUdmEMl@mail.ru,CREATE,2024-09-30 07:53:28
vqEZJHoXTQEn@gmail.com,CREATE,2024-09-30 00:21:10
vZtnzh@gmail.com,DELETE,2024-09-30 22:17:30
PyGtVF@gmail.com,READ,2024-09-30 01:50:14
ioFEDePcH@ya.ru,CREATE,2024-09-30 01:46:37
vqEZJHoXTQEn@gmail.com,DELETE,2024-09-30 14:40:21
qqGwUdmEMl@mail.ru,READ,2024-09-30 05:11:11
oAbIL@mail.ru,READ,2024-09-30 15:25:32
vqEZJHoXTQEn@gmail.com,UPDATE,2024-09-30 11:54:03
qqGwUdmEMl@mail.ru,READ,2024-09-30 10:26:51
ioFEDePcH@ya.ru,UPDATE,2024-09-30 14:26:50
ioFEDePcH@ya.ru,UPDATE,2024-09-30 14:25:41
JQIQXiKY@ya.ru,DELETE,2024-09-30 16:53:25
ioFEDePcH@ya.ru,DELETE,2024-09-30 20:00:53
vqEZJHoXTQEn@gmail.com,UPDATE,2024-09-30 07:05:04
zSfQCVUpMOsvtX@mail.ru,DELETE,2024-09-30 16:48:10
vqEZJHoXTQEn@gmail.com,READ,2024-09-30 11:59:07
vqEZJHoXTQEn@gmail.com,CREATE,2024-09-30 12:06:04
PyGtVF@gmail.com,READ,2024-09-30 01:34:17
oAbIL@mail.ru,CREATE,2024-09-30 11:46:38
zSfQCVUpMOsvtX@mail.ru,CREATE,2024-09-30 13:31:51
vZtnzh@gmail.com,DELETE,2024-09-30 01:23:45
vZtnzh@gmail.com,UPDATE,2024-09-30 09:49:42
zSfQCVUpMOsvtX@mail.ru,READ,2024-09-30 11:51:00
BLHFd@ya.ru,CREATE,2024-09-30 15:53:36
vqEZJHoXTQEn@gmail.com,DELETE,2024-09-30 11:18:26
vZtnzh@gmail.com,READ,2024-09-30 11:35:10
PyGtVF@gmail.com,CREATE,2024-09-30 02:18:03
vZtnzh@gmail.com,DELETE,2024-09-30 04:13:28
vqEZJHoXTQEn@gmail.com,DELETE,2024-09-30 07:42:20
JQIQXiKY@ya.ru,READ,2024-09-30 05:43:33
BLHFd@ya.ru,DELETE,2024-09-30 00:11:05
qqGwUdmEMl@mail.ru,UPDATE,2024-09-30 23:16:00
ioFEDePcH@ya.ru,CREATE,2024-09-30 19:46:57
oAbIL@mail.ru,UPDATE,2024-09-30 21:25:41
vqEZJHoXTQEn@gmail.com,DELETE,2024-09-30 15:57:01
vqEZJHoXTQEn@gmail.com,DELETE,2024-09-30 00:42:05
lHjcR@ya.ru,READ,2024-09-30 05:01:19
vZtnzh@gmail.com,CREATE,2024-09-30 16:51:51
zSfQCVUpMOsvtX@mail.ru,UPDATE,2024-09-30 10:14:24
BLHFd@ya.ru,UPDATE,2024-09-30 20:33:26
zSfQCVUpMOsvtX@mail.ru,UPDATE,2024-09-30 15:30:32
lHjcR@ya.ru,UPDATE,2024-09-30 03:07:22
JQIQXiKY@ya.ru,DELETE,2024-09-30 09:22:55
qqGwUdmEMl@mail.ru,CREATE,2024-09-30 04:10:32
vqEZJHoXTQEn@gmail.com,CREATE,2024-09-30 21:44:50
lHjcR@ya.ru,DELETE,2024-09-30 09:02:00
oAbIL@mail.ru,DELETE,2024-09-30 12:07:01
BLHFd@ya.ru,CREATE,2024-09-30 22:59:33
PyGtVF@gmail.com,UPDATE,2024-09-30 11:34:31
BLHFd@ya.ru,CREATE,2024-09-30 17:02:17
PyGtVF@gmail.com,CREATE,2024-09-30 21:33:59
JQIQXiKY@ya.ru,UPDATE,2024-09-30 10:33:50
PyGtVF@gmail.com,UPDATE,2024-09-30 19:52:20
vqEZJHoXTQEn@gmail.com,READ,2024-09-30 23:48:57
lHjcR@ya.ru,UPDATE,2024-09-30 12:34:34
PyGtVF@gmail.com,CREATE,2024-09-30 21:07:49
vZtnzh@gmail.com,READ,2024-09-30 08:45:11
zSfQCVUpMOsvtX@mail.ru,READ,2024-09-30 02:27:31
JQIQXiKY@ya.ru,READ,2024-09-30 01:11:18
JQIQXiKY@ya.ru,UPDATE,2024-09-30 19:36:06
PyGtVF@gmail.com,READ,2024-09-30 23:19:12
zSfQCVUpMOsvtX@mail.ru,CREATE,2024-09-30 21:23:40
PyGtVF@gmail.com,READ,2024-09-30 05:40:10
ioFEDePcH@ya.ru,READ,2024-09-30 03:34:31
zSfQCVUpMOsvtX@mail.ru,DELETE,2024-09-30 22:45:04
PyGtVF@gmail.com,DELETE,2024-09-30 03:35:08
PyGtVF@gmail.com,READ,2024-09-30 09:52:23
JQIQXiKY@ya.ru,UPDATE,2024-09-30 20:31:54
lHjcR@ya.ru,DELETE,2024-09-30 11:28:55
oAbIL@mail.ru,READ,2024-09-30 22:07:11
JQIQXiKY@ya.ru,DELETE,2024-09-30 15:38:49
zSfQCVUpMOsvtX@mail.ru,UPDATE,2024-09-30 06:13:30
BLHFd@ya.ru,CREATE,2024-09-30 00:15:52
JQIQXiKY@ya.ru,READ,2024-09-30 15:55:45
ioFEDePcH@ya.ru,READ,2024-09-30 12:32:37
JQIQXiKY@ya.ru,READ,2024-09-30 19:28:14
JQIQXiKY@ya.ru,READ,2024-09-30 22:34:14
PyGtVF@gmail.com,UPDATE,2024-09-30 00:05:13
vZtnzh@gmail.com,UPDATE,2024-09-30 13:32:00
qqGwUdmEMl@mail.ru,CREATE,2024-09-30 23:16:13
ioFEDePcH@ya.ru,READ,2024-09-30 04:20:19
vZtnzh@gmail.com,UPDATE,2024-09-30 16:31:04
lHjcR@ya.ru,DELETE,2024-09-30 17:14:18
BLHFd@ya.ru,READ,2024-09-30 15:05:12
vZtnzh@gmail.com,UPDATE,2024-09-30 02:31:05
qqGwUdmEMl@mail.ru,DELETE,2024-09-30 13:06:50
BLHFd@ya.ru,CREATE,2024-09-30 08:15:54
lHjcR@ya.ru,UPDATE,2024-09-30 11:03:41
vqEZJHoXTQEn@gmail.com,CREATE,2024-09-30 03:00:10
lHjcR@ya.ru,READ,2024-09-30 08:57:49
vZtnzh@gmail.com,READ,2024-09-30 01:05:36
zSfQCVUpMOsvtX@mail.ru,UPDATE,2024-09-30 07:54:47
vqEZJHoXTQEn@gmail.com,CREATE,2024-09-30 19:10:09
vqEZJHoXTQEn@gmail.com,DELETE,2024-09-30 02:22:03
PyGtVF@gmail.com,READ,2024-09-30 11:27:32
qqGwUdmEMl@mail.ru,DELETE,2024-09-30 19:52:01
vqEZJHoXTQEn@gmail.com,READ,2024-09-30 14:07:50
zSfQCVUpMOsvtX@mail.ru,DELETE,2024-09-30 13:59:36
vZtnzh@gmail.com,DELETE,2024-09-30 10:51:27
vZtnzh@gmail.com,UPDATE,2024-09-30 08:03:45
vqEZJHoXTQEn@gmail.com,CREATE,2024-09-30 06:49:50
qqGwUdmEMl@mail.ru,CREATE,2024-09-30 06:12:08
vZtnzh@gmail.com,DELETE,2024-09-30 17:06:18
qqGwUdmEMl@mail.ru,DELETE,2024-09-30 19:21:40
JQIQXiKY@ya.ru,DELETE,2024-09-30 22:42:12
ioFEDePcH@ya.ru,CREATE,2024-09-30 01:26:29
BLHFd@ya.ru,UPDATE,2024-09-30 20:17:25
JQIQXiKY@ya.ru,CREATE,2024-09-30 08:13:15
JQIQXiKY@ya.ru,CREATE,2024-09-30 18:20:36
oAbIL@mail.ru,READ,2024-09-30 01:14:54
qqGwUdmEMl@mail.ru,UPDATE,2024-09-30 02:03:29
PyGtVF@gmail.com,READ,2024-09-30 22:25:20
JQIQXiKY@ya.ru,DELETE,2024-09-30 16:06:04
zSfQCVUpMOsvtX@mail.ru,READ,2024-09-30 03:04:20
qqGwUdmEMl@mail.ru,UPDATE,2024-09-30 06:37:40
lHjcR@ya.ru,READ,2024-09-30 02:30:11
oAbIL@mail.ru,UPDATE,2024-09-30 11:20:40
lHjcR@ya.ru,DELETE,2024-09-30 09:21:11
oAbIL@mail.ru,CREATE,2024-09-30 05:03:51
BLHFd@ya.ru,READ,2024-09-30 01:59:25
zSfQCVUpMOsvtX@mail.ru,CREATE,2024-09-30 06:52:21
vqEZJHoXTQEn@gmail.com,UPDATE,2024-09-30 12:19:04
JQIQXiKY@ya.ru,CREATE,2024-09-30 21:47:07
vqEZJHoXTQEn@gmail.com,CREATE,2024-09-30 21:56:27
vqEZJHoXTQEn@gmail.com,READ,2024-09-30 08:17:40
qqGwUdmEMl@mail.ru,CREATE,2024-09-30 08:06:29
vqEZJHoXTQEn@gmail.com,UPDATE,2024-09-30 01:04:24
BLHFd@ya.ru,UPDATE,2024-09-30 18:45:10
zSfQCVUpMOsvtX@mail.ru,READ,2024-09-30 21:11:16
BLHFd@ya.ru,CREATE,2024-09-30 14:46:26
qqGwUdmEMl@mail.ru,UPDATE,2024-09-30 07:20:26
oAbIL@mail.ru,DELETE,2024-09-30 02:26:50
lHjcR@ya.ru,READ,2024-09-30 10:18:37
vZtnzh@gmail.com,READ,2024-09-30 06:00:36
oAbIL@mail.ru,CREATE,2024-09-30 09:33:19
PyGtVF@gmail.com,READ,2024-09-30 05:35:34
zSfQCVUpMOsvtX@mail.ru,DELETE,2024-09-30 10:55:32
PyGtVF@gmail.com,CREATE,2024-09-30 11:38:47
vZtnzh@gmail.com,DELETE,2024-09-30 02:22:01
lHjcR@ya.ru,UPDATE,2024-09-30 11:39:01
lHjcR@ya.ru,CREATE,2024-09-30 06:25:45
BLHFd@ya.ru,DELETE,2024-09-30 12:34:01
lHjcR@ya.ru,UPDATE,2024-09-30 05:12:15
vZtnzh@gmail.com,CREATE,2024-09-30 23:35:02
BLHFd@ya.ru,UPDATE,2024-09-30 13:24:53
vZtnzh@gmail.com,UPDATE,2024-09-30 03:03:33
BLHFd@ya.ru,UPDATE,2024-09-30 10:52:17
lHjcR@ya.ru,DELETE,2024-09-30 07:26:36
JQIQXiKY@ya.ru,READ,2024-09-30 14:38:40
PyGtVF@gmail.com,READ,2024-09-30 05:16:45
JQIQXiKY@ya.ru,DELETE,2024-09-30 23:33:17
qqGwUdmEMl@mail.ru,DELETE,2024-09-30 06:48:45
qqGwUdmEMl@mail.ru,CREATE,2024-09-30 20:10:53
vqEZJHoXTQEn@gmail.com,CREATE,2024-09-30 02:23:34
zSfQCVUpMOsvtX@mail.ru,DELETE,2024-09-30 05:20:11
oAbIL@mail.ru,CREATE,2024-09-30 11:33:27
zSfQCVUpMOsvtX@mail.ru,READ,2024-09-30 17:41:42
oAbIL@mail.ru,UPDATE,2024-09-30 10:56:01
oAbIL@mail.ru,READ,2024-09-30 01:20:59
lHjcR@ya.ru,READ,2024-09-30 20:59:43
BLHFd@ya.ru,CREATE,2024-09-30 09:36:32
vZtnzh@gmail.com,UPDATE,2024-09-30 02:18:57
zSfQCVUpMOsvtX@mail.ru,CREATE,2024-09-30 23:09:13
vqEZJHoXTQEn@gmail.com,CREATE,2024-09-30 08:27:49
zSfQCVUpMOsvtX@mail.ru,DELETE,2024-09-30 13:13:09
qqGwUdmEMl@mail.ru,CREATE,2024-09-30 11:31:20
vqEZJHoXTQEn@gmail.com,CREATE,2024-09-30 09:49:30
BLHFd@ya.ru,DELETE,2024-09-30 13:56:31
JQIQXiKY@ya.ru,DELETE,2024-09-30 10:14:13
qqGwUdmEMl@mail.ru,READ,2024-09-30 21:16:52
zSfQCVUpMOsvtX@mail.ru,READ,2024-09-30 01:31:44
PyGtVF@gmail.com,CREATE,2024-09-30 10:42:59
PyGtVF@gmail.com,CREATE,2024-09-30 20:49:36
lHjcR@ya.ru,CREATE,2024-09-30 18:06:19
qqGwUdmEMl@mail.ru,DELETE,2024-09-30 05:43:42
lHjcR@ya.ru,CREATE,2024-09-30 08:37:55
oAbIL@mail.ru,READ,2024-09-30 06:53:34
qqGwUdmEMl@mail.ru,CREATE,2024-09-30 15:40:23
oAbIL@mail.ru,CREATE,2024-09-30 20:14:41
PyGtVF@gmail.com,CREATE,2024-09-30 08:21:58
oAbIL@mail.ru,CREATE,2024-09-30 13:55:08
vqEZJHoXTQEn@gmail.com,CREATE,2024-09-30 12:06:01
vqEZJHoXTQEn@gmail.com,UPDATE,2024-09-30 13:24:49
vqEZJHoXTQEn@gmail.com,CREATE,2024-09-30 23:56:35
ioFEDePcH@ya.ru,DELETE,2024-09-30 08:43:34
vZtnzh@gmail.com,UPDATE,2024-09-30 18:49:52
PyGtVF@gmail.com,DELETE,2024-09-30 19:44:34
vZtnzh@gmail.com,DELETE,2024-09-30 20:57:25
JQIQXiKY@ya.ru,DELETE,2024-09-30 15:16:02
ioFEDePcH@ya.ru,CREATE,2024-09-30 00:50:51
vZtnzh@gmail.com,READ,2024-09-30 09:10:16
oAbIL@mail.ru,READ,2024-09-30 07:59:06
BLHFd@ya.ru,UPDATE,2024-09-30 13:53:58
lHjcR@ya.ru,CREATE,2024-09-30 16:43:55
qqGwUdmEMl@mail.ru,READ,2024-09-30 07:51:01
oAbIL@mail.ru,UPDATE,2024-09-30 12:21:41
vZtnzh@gmail.com,UPDATE,2024-09-30 22:19:32
lHjcR@ya.ru,READ,2024-09-30 17:34:43
lHjcR@ya.ru,DELETE,2024-09-30 18:17:13
ioFEDePcH@ya.ru,READ,2024-09-30 12:43:07
vqEZJHoXTQEn@gmail.com,UPDATE,2024-09-30 02:43:50
qqGwUdmEMl@mail.ru,READ,2024-09-30 04:02:59
PyGtVF@gmail.com,READ,2024-09-30 04:09:45
qqGwUdmEMl@mail.ru,READ,2024-09-30 18:44:36
vZtnzh@gmail.com,DELETE,2024-09-30 10:16:53
vqEZJHoXTQEn@gmail.com,DELETE,2024-09-30 09:04:41
qqGwUdmEMl@mail.ru,READ,2024-09-30 15:55:37
vZtnzh@gmail.com,CREATE,2024-09-30 20:33:00
PyGtVF@gmail.com,DELETE,2024-09-30 16:53:05
lHjcR@ya.ru,CREATE,2024-09-30 07:09:36
qqGwUdmEMl@mail.ru,READ,2024-09-30 22:40:12
qqGwUdmEMl@mail.ru,READ,2024-09-30 00:24:04
qqGwUdmEMl@mail.ru,UPDATE,2024-09-30 09:23:24
zSfQCVUpMOsvtX@mail.ru,DELETE,2024-09-30 00:46:45
qqGwUdmEMl@mail.ru,UPDATE,2024-09-30 04:59:24
qqGwUdmEMl@mail.ru,CREATE,2024-09-30 11:56:39
JQIQXiKY@ya.ru,UPDATE,2024-09-30 14:08:55
ioFEDePcH@ya.ru,DELETE,2024-09-30 01:30:55
JQIQXiKY@ya.ru,DELETE,2024-09-30 15:29:03
ioFEDePcH@ya.ru,CREATE,2024-09-30 03:41:16
vZtnzh@gmail.com,CREATE,2024-09-30 04:57:19
lHjcR@ya.ru,READ,2024-09-30 15:25:54
zSfQCVUpMOsvtX@mail.ru,READ,2024-09-30 21:58:11
ioFEDePcH@ya.ru,DELETE,2024-09-30 18:28:31
vZtnzh@gmail.com,READ,2024-09-30 07:02:05
qqGwUdmEMl@mail.ru,READ,2024-09-30 00:30:57
JQIQXiKY@ya.ru,DELETE,2024-09-30 07:11:15
ioFEDePcH@ya.ru,READ,2024-09-30 18:50:42
JQIQXiKY@ya.ru,CREATE,2024-09-30 15:19:59
PyGtVF@gmail.com,DELETE,2024-09-30 08:56:02
PyGtVF@gmail.com,READ,2024-09-30 13:12:38
vqEZJHoXTQEn@gmail.com,UPDATE,2024-09-30 17:34:40
oAbIL@mail.ru,UPDATE,2024-09-30 04:10:07
ioFEDePcH@ya.ru,UPDATE,2024-09-30 19:55:20
zSfQCVUpMOsvtX@mail.ru,READ,2024-09-30 09:28:59
ioFEDePcH@ya.ru,CREATE,2024-09-30 18:21:51
BLHFd@ya.ru,READ,2024-09-30 02:22:10
vZtnzh@gmail.com,CREATE,2024-09-30 08:45:38
zSfQCVUpMOsvtX@mail.ru,DELETE,2024-09-30 17:47:37
JQIQXiKY@ya.ru,READ,2024-09-30 08:47:32
PyGtVF@gmail.com,DELETE,2024-09-30 11:16:40
lHjcR@ya.ru,READ,2024-09-30 19:05:03
vZtnzh@gmail.com,DELETE,2024-09-30 02:05:46
oAbIL@mail.ru,CREATE,2024-09-30 21:25:49
vqEZJHoXTQEn@gmail.com,READ,2024-09-30 06:42:52
vZtnzh@gmail.com,READ,2024-09-30 19:27:23
ioFEDePcH@ya.ru,CREATE,2024-09-30 02:59:50
lHjcR@ya.ru,DELETE,2024-09-30 06:47:57
qqGwUdmEMl@mail.ru,READ,2024-09-30 08:06:30
BLHFd@ya.ru,DELETE,2024-09-30 06:10:35
vqEZJHoXTQEn@gmail.com,DELETE,2024-09-30 23:23:01
qqGwUdmEMl@mail.ru,CREATE,2024-09-30 08:29:46
oAbIL@mail.ru,UPDATE,2024-09-30 18:23:02
lHjcR@ya.ru,READ,2024-09-30 10:57:58
ioFEDePcH@ya.ru,CREATE,2024-09-30 16:49:58
JQIQXiKY@ya.ru,READ,2024-09-30 11:37:46
qqGwUdmEMl@mail.ru,CREATE,2024-09-30 04:27:07
BLHFd@ya.ru,CREATE,2024-09-30 06:51:06
ioFEDePcH@ya.ru,READ,2024-09-30 04:55:33
vqEZJHoXTQEn@gmail.com,CREATE,2024-09-30 15:37:44
BLHFd@ya.ru,CREATE,2024-09-30 11:14:37
vqEZJHoXTQEn@gmail.com,READ,2024-09-30 20:30:25
vqEZJHoXTQEn@gmail.com,UPDATE,2024-09-30 06:38:23
qqGwUdmEMl@mail.ru,DELETE,2024-09-30 13:09:29
BLHFd@ya.ru,CREATE,2024-09-30 22:18:26
oAbIL@mail.ru,READ,2024-09-30 22:59:57
vqEZJHoXTQEn@gmail.com,CREATE,2024-09-30 23:19:07
oAbIL@mail.ru,CREATE,2024-09-30 16:12:21
ioFEDePcH@ya.ru,READ,2024-09-30 13:07:10
vZtnzh@gmail.com,READ,2024-09-30 13:47:19
zSfQCVUpMOsvtX@mail.ru,CREATE,2024-09-30 09:30:27
vqEZJHoXTQEn@gmail.com,READ,2024-09-30 02:10:40
qqGwUdmEMl@mail.ru,DELETE,2024-09-30 13:02:46
zSfQCVUpMOsvtX@mail.ru,UPDATE,2024-09-30 07:54:48
lHjcR@ya.ru,READ,2024-09-30 23:28:27
JQIQXiKY@ya.ru,DELETE,2024-09-30 05:33:28
PyGtVF@gmail.com,UPDATE,2024-09-30 00:20:42
PyGtVF@gmail.com,CREATE,2024-09-30 14:22:38
oAbIL@mail.ru,DELETE,2024-09-30 17:25:01
ioFEDePcH@ya.ru,READ,2024-09-30 18:24:44
zSfQCVUpMOsvtX@mail.ru,DELETE,2024-09-30 08:54:07
ioFEDePcH@ya.ru,UPDATE,2024-09-30 09:45:28
JQIQXiKY@ya.ru,DELETE,2024-09-30 19:36:18
ioFEDePcH@ya.ru,READ,2024-09-30 10:00:49
qqGwUdmEMl@mail.ru,CREATE,2024-09-30 04:19:48
vqEZJHoXTQEn@gmail.com,CREATE,2024-09-30 20:30:40
lHjcR@ya.ru,DELETE,2024-09-30 01:39:36
lHjcR@ya.ru,DELETE,2024-09-30 11:03:50
PyGtVF@gmail.com,DELETE,2024-09-30 03:10:24
zSfQCVUpMOsvtX@mail.ru,UPDATE,2024-09-30 11:15:29
lHjcR@ya.ru,DELETE,2024-09-30 15:38:41
PyGtVF@gmail.com,READ,2024-09-30 23:55:31
vqEZJHoXTQEn@gmail.com,UPDATE,2024-09-30 13:24:56
zSfQCVUpMOsvtX@mail.ru,READ,2024-09-30 03:15:49
BLHFd@ya.ru,DELETE,2024-09-30 20:02:22
lHjcR@ya.ru,DELETE,2024-09-30 08:27:04
vZtnzh@gmail.com,UPDATE,2024-09-30 23:24:48
lHjcR@ya.ru,CREATE,2024-09-30 06:03:59
JQIQXiKY@ya.ru,DELETE,2024-09-30 01:20:29
PyGtVF@gmail.com,UPDATE,2024-09-30 16:18:10
ioFEDePcH@ya.ru,UPDATE,2024-09-30 06:35:05
oAbIL@mail.ru,DELETE,2024-09-30 08:18:24
ioFEDePcH@ya.ru,DELETE,2024-09-30 12:06:03
oAbIL@mail.ru,CREATE,2024-09-30 20:29:35
BLHFd@ya.ru,UPDATE,2024-09-30 06:23:35
BLHFd@ya.ru,DELETE,2024-09-30 17:29:25
lHjcR@ya.ru,DELETE,2024-09-30 08:55:25
oAbIL@mail.ru,READ,2024-09-30 21:17:11
JQIQXiKY@ya.ru,READ,2024-09-30 03:22:10
ioFEDePcH@ya.ru,UPDATE,2024-09-30 02:29:05
qqGwUdmEMl@mail.ru,UPDATE,2024-09-30 13:22:01
lHjcR@ya.ru,DELETE,2024-09-30 18:01:20
vZtnzh@gmail.com,READ,2024-09-30 20:17:59
zSfQCVUpMOsvtX@mail.ru,READ,2024-09-30 19:05:21
qqGwUdmEMl@mail.ru,UPDATE,2024-09-30 10:18:10
qqGwUdmEMl@mail.ru,DELETE,2024-09-30 06:51:40
JQIQXiKY@ya.ru,CREATE,2024-09-30 18:57:28
zSfQCVUpMOsvtX@mail.ru,READ,2024-09-30 23:31:59
JQIQXiKY@ya.ru,DELETE,2024-09-30 18:46:09
vqEZJHoXTQEn@gmail.com,CREATE,2024-09-30 16:49:48
qqGwUdmEMl@mail.ru,DELETE,2024-09-30 03:14:30
vZtnzh@gmail.com,DELETE,2024-09-30 11:54:22
ioFEDePcH@ya.ru,UPDATE,2024-09-30 04:43:41
PyGtVF@gmail.com,CREATE,2024-09-30 19:21:16
JQIQXiKY@ya.ru,UPDATE,2024-09-30 15:48:26
lHjcR@ya.ru,CREATE,2024-09-30 23:17:25
vZtnzh@gmail.com,DELETE,2024-09-30 12:15:32
oAbIL@mail.ru,DELETE,2024-09-30 09:26:47
BLHFd@ya.ru,UPDATE,2024-09-30 22:50:36
oAbIL@mail.ru,CREATE,2024-09-30 11:19:00
JQIQXiKY@ya.ru,READ,2024-09-30 06:58:35
vqEZJHoXTQEn@gmail.com,UPDATE,2024-09-30 22:23:26
oAbIL@mail.ru,DELETE,2024-09-30 11:09:15
oAbIL@mail.ru,READ,2024-09-30 00:03:33
JQIQXiKY@ya.ru,UPDATE,2024-09-30 20:22:55
lHjcR@ya.ru,READ,2024-09-30 18:19:08
oAbIL@mail.ru,CREATE,2024-09-30 14:19:34
vqEZJHoXTQEn@gmail.com,CREATE,2024-09-30 03:52:20
PyGtVF@gmail.com,DELETE,2024-09-30 08:19:04
PyGtVF@gmail.com,UPDATE,2024-09-30 08:21:41
vZtnzh@gmail.com,DELETE,2024-09-30 11:35:05
zSfQCVUpMOsvtX@mail.ru,UPDATE,2024-09-30 10:20:07
JQIQXiKY@ya.ru,READ,2024-09-30 06:48:41
zSfQCVUpMOsvtX@mail.ru,DELETE,2024-09-30 14:43:25
vZtnzh@gmail.com,CREATE,2024-09-30 03:47:23
vqEZJHoXTQEn@gmail.com,UPDATE,2024-09-30 17:48:16
oAbIL@mail.ru,READ,2024-09-30 23:00:48
ioFEDePcH@ya.ru,UPDATE,2024-09-30 00:31:59
vqEZJHoXTQEn@gmail.com,DELETE,2024-09-30 03:25:22
JQIQXiKY@ya.ru,DELETE,2024-09-30 18:30:47
JQIQXiKY@ya.ru,READ,2024-09-30 14:16:49
qqGwUdmEMl@mail.ru,DELETE,2024-09-30 20:25:43
ioFEDePcH@ya.ru,CREATE,2024-09-30 13:43:50
PyGtVF@gmail.com,CREATE,2024-09-30 15:07:06
BLHFd@ya.ru,DELETE,2024-09-30 21:40:27
qqGwUdmEMl@mail.ru,UPDATE,2024-09-30 09:36:15
ioFEDePcH@ya.ru,UPDATE,2024-09-30 21:55:57
vZtnzh@gmail.com,CREATE,2024-09-30 09:13:36
vqEZJHoXTQEn@gmail.com,CREATE,2024-09-30 21:39:04
vqEZJHoXTQEn@gmail.com,CREATE,2024-09-30 20:52:10
oAbIL@mail.ru,DELETE,2024-09-30 11:08:15
qqGwUdmEMl@mail.ru,READ,2024-09-30 04:17:15
qqGwUdmEMl@mail.ru,DELETE,2024-09-30 05:10:55
vqEZJHoXTQEn@gmail.com,UPDATE,2024-09-30 21:56:26
JQIQXiKY@ya.ru,UPDATE,2024-09-30 17:56:32
qqGwUdmEMl@mail.ru,UPDATE,2024-09-30 21:06:33
PyGtVF@gmail.com,DELETE,2024-09-30 15:55:47
BLHFd@ya.ru,READ,2024-09-30 10:27:44
ioFEDePcH@ya.ru,CREATE,2024-09-30 12:47:29
vqEZJHoXTQEn@gmail.com,UPDATE,2024-09-30 09:25:01
JQIQXiKY@ya.ru,DELETE,2024-09-30 11:22:18
BLHFd@ya.ru,DELETE,2024-09-30 12:51:27
qqGwUdmEMl@mail.ru,READ,2024-09-30 15:54:17
vZtnzh@gmail.com,UPDATE,2024-09-30 03:30:54
JQIQXiKY@ya.ru,CREATE,2024-09-30 06:12:10
JQIQXiKY@ya.ru,CREATE,2024-09-30 09:11:16
BLHFd@ya.ru,UPDATE,2024-09-30 09:03:51
PyGtVF@gmail.com,DELETE,2024-09-30 00:50:34
vqEZJHoXTQEn@gmail.com,UPDATE,2024-09-30 16:15:24
ioFEDePcH@ya.ru,DELETE,2024-09-30 22:15:19
vZtnzh@gmail.com,CREATE,2024-09-30 15:33:47
vqEZJHoXTQEn@gmail.com,DELETE,2024-09-30 05:08:13
vZtnzh@gmail.com,DELETE,2024-09-30 02:58:26
qqGwUdmEMl@mail.ru,UPDATE,2024-09-30 11:31:50
zSfQCVUpMOsvtX@mail.ru,READ,2024-09-30 22:56:04
oAbIL@mail.ru,READ,2024-09-30 10:51:26
ioFEDePcH@ya.ru,DELETE,2024-09-30 17:00:43
JQIQXiKY@ya.ru,CREATE,2024-09-30 18:08:59
BLHFd@ya.ru,CREATE,2024-09-30 22:53:53
vZtnzh@gmail.com,DELETE,2024-09-30 20:29:01
PyGtVF@gmail.com,DELETE,2024-09-30 06:23:22
qqGwUdmEMl@mail.ru,UPDATE,2024-09-30 17:37:03
qqGwUdmEMl@mail.ru,CREATE,2024-09-30 06:59:20
vqEZJHoXTQEn@gmail.com,UPDATE,2024-09-30 21:24:23
lHjcR@ya.ru,DELETE,2024-09-30 08:28:45
lHjcR@ya.ru,UPDATE,2024-09-30 09:51:54
lHjcR@ya.ru,UPDATE,2024-09-30 18:51:58
ioFEDePcH@ya.ru,UPDATE,2024-09-30 11:16:52
JQIQXiKY@ya.ru,UPDATE,2024-09-30 02:00:29
ioFEDePcH@ya.ru,DELETE,2024-09-30 12:23:00
qqGwUdmEMl@mail.ru,UPDATE,2024-09-30 12:02:11
PyGtVF@gmail.com,UPDATE,2024-09-30 00:48:53
PyGtVF@gmail.com,READ,2024-09-30 09:07:08
zSfQCVUpMOsvtX@mail.ru,READ,2024-09-30 01:28:35
oAbIL@mail.ru,UPDATE,2024-09-30 02:39:49
PyGtVF@gmail.com,CREATE,2024-09-30 16:36:46
PyGtVF@gmail.com,DELETE,2024-09-30 00:24:19
JQIQXiKY@ya.ru,DELETE,2024-09-30 03:20:55
ioFEDePcH@ya.ru,READ,2024-09-30 08:54:09
qqGwUdmEMl@mail.ru,READ,2024-09-30 03:11:25
PyGtVF@gmail.com,DELETE,2024-09-30 13:24:42
JQIQXiKY@ya.ru,DELETE,2024-09-30 10:03:45
JQIQXiKY@ya.ru,READ,2024-09-30 04:16:43
vqEZJHoXTQEn@gmail.com,DELETE,2024-09-30 21:17:40
vZtnzh@gmail.com,READ,2024-09-30 10:06:50
lHjcR@ya.ru,READ,2024-09-30 01:28:10
lHjcR@ya.ru,DELETE,2024-09-30 18:12:03
lHjcR@ya.ru,DELETE,2024-09-30 18:55:43
ioFEDePcH@ya.ru,UPDATE,2024-09-30 03:08:35
PyGtVF@gmail.com,DELETE,2024-09-30 06:54:32
oAbIL@mail.ru,CREATE,2024-09-30 23:12:49
vZtnzh@gmail.com,DELETE,2024-09-30 19:05:20
qqGwUdmEMl@mail.ru,UPDATE,2024-09-30 02:06:28
BLHFd@ya.ru,READ,2024-09-30 00:03:08
zSfQCVUpMOsvtX@mail.ru,DELETE,2024-09-30 20:26:16
ioFEDePcH@ya.ru,READ,2024-09-30 06:44:59
qqGwUdmEMl@mail.ru,CREATE,2024-09-30 16:07:09
vZtnzh@gmail.com,READ,2024-09-30 01:41:29
zSfQCVUpMOsvtX@mail.ru,READ,2024-09-30 02:39:54
ioFEDePcH@ya.ru,READ,2024-09-30 08:04:44
JQIQXiKY@ya.ru,READ,2024-09-30 02:54:47
zSfQCVUpMOsvtX@mail.ru,READ,2024-09-30 09:16:14
JQIQXiKY@ya.ru,UPDATE,2024-09-30 17:42:13
zSfQCVUpMOsvtX@mail.ru,UPDATE,2024-09-30 12:21:04
JQIQXiKY@ya.ru,READ,2024-09-30 20:51:44
vZtnzh@gmail.com,READ,2024-09-30 22:34:03
JQIQXiKY@ya.ru,UPDATE,2024-09-30 21:58:40
vqEZJHoXTQEn@gmail.com,DELETE,2024-09-30 20:42:28
BLHFd@ya.ru,UPDATE,2024-09-30 03:51:33
lHjcR@ya.ru,READ,2024-09-30 03:19:31
lHjcR@ya.ru,CREATE,2024-09-30 08:38:53
vqEZJHoXTQEn@gmail.com,CREATE,2024-09-30 00:50:03
lHjcR@ya.ru,READ,2024-09-30 13:27:56
JQIQXiKY@ya.ru,DELETE,2024-09-30 07:09:02
BLHFd@ya.ru,CREATE,2024-09-30 04:51:27
ioFEDePcH@ya.ru,UPDATE,2024-09-30 01:23:07
lHjcR@ya.ru,CREATE,2024-09-30 11:20:05
qqGwUdmEMl@mail.ru,UPDATE,2024-09-30 17:38:05
BLHFd@ya.ru,UPDATE,2024-09-30 19:13:34
zSfQCVUpMOsvtX@mail.ru,READ,2024-09-30 08:58:25
BLHFd@ya.ru,UPDATE,2024-09-30 14:59:29
lHjcR@ya.ru,READ,2024-09-30 12:44:20
ioFEDePcH@ya.ru,CREATE,2024-09-30 19:55:10
zSfQCVUpMOsvtX@mail.ru,UPDATE,2024-09-30 03:56:44
ioFEDePcH@ya.ru,READ,2024-09-30 02:48:01
oAbIL@mail.ru,READ,2024-09-30 22:46:03
oAbIL@mail.ru,CREATE,2024-09-30 05:33:09
vZtnzh@gmail.com,DELETE,2024-09-30 13:12:28
PyGtVF@gmail.com,READ,2024-09-30 02:20:29
qqGwUdmEMl@mail.ru,DELETE,2024-09-30 11:59:27
oAbIL@mail.ru,CREATE,2024-09-30 02:59:51
oAbIL@mail.ru,READ,2024-09-30 19:21:29
vqEZJHoXTQEn@gmail.com,UPDATE,2024-09-30 23:56:11
JQIQXiKY@ya.ru,READ,2024-09-30 05:36:58
oAbIL@mail.ru,UPDATE,2024-09-30 11:56:40
oAbIL@mail.ru,CREATE,2024-09-30 13:14:03
oAbIL@mail.ru,DELETE,2024-09-30 15:33:45
BLHFd@ya.ru,READ,2024-09-30 05:36:30
BLHFd@ya.ru,CREATE,2024-09-30 04:45:37
ioFEDePcH@ya.ru,UPDATE,2024-09-30 08:46:56
lHjcR@ya.ru,UPDATE,2024-09-30 18:24:59
zSfQCVUpMOsvtX@mail.ru,UPDATE,2024-09-30 21:19:48
JQIQXiKY@ya.ru,READ,2024-09-30 04:52:55
JQIQXiKY@ya.ru,CREATE,2024-09-30 13:23:09
BLHFd@ya.ru,DELETE,2024-09-30 19:05:06
vqEZJHoXTQEn@gmail.com,READ,2024-09-30 09:18:10
JQIQXiKY@ya.ru,READ,2024-09-30 12:29:14
ioFEDePcH@ya.ru,DELETE,2024-09-30 09:02:48
qqGwUdmEMl@mail.ru,DELETE,2024-09-30 15:59:11
oAbIL@mail.ru,UPDATE,2024-09-30 23:12:51
oAbIL@mail.ru,DELETE,2024-09-30 08:37:36
qqGwUdmEMl@mail.ru,CREATE,2024-09-30 08:27:35
JQIQXiKY@ya.ru,CREATE,2024-09-30 00:20:42
JQIQXiKY@ya.ru,READ,2024-09-30 01:12:04
vqEZJHoXTQEn@gmail.com,UPDATE,2024-09-30 00:08:01
zSfQCVUpMOsvtX@mail.ru,UPDATE,2024-09-30 06:18:53
JQIQXiKY@ya.ru,CREATE,2024-09-30 22:28:01
zSfQCVUpMOsvtX@mail.ru,READ,2024-09-30 20:47:58
zSfQCVUpMOsvtX@mail.ru,READ,2024-09-30 15:24:41
zSfQCVUpMOsvtX@mail.ru,CREATE,2024-09-30 05:41:52
qqGwUdmEMl@mail.ru,READ,2024-09-30 17:49:01
JQIQXiKY@ya.ru,READ,2024-09-30 12:50:10
vZtnzh@gmail.com,READ,2024-09-30 01:42:00
vZtnzh@gmail.com,CREATE,2024-09-30 07:26:03
vqEZJHoXTQEn@gmail.com,DELETE,2024-09-30 07:31:30
vqEZJHoXTQEn@gmail.com,READ,2024-09-30 19:49:51
vZtnzh@gmail.com,CREATE,2024-09-30 18:21:30
vZtnzh@gmail.com,CREATE,2024-09-30 19:50:55
oAbIL@mail.ru,CREATE,2024-09-30 08:38:26
ioFEDePcH@ya.ru,CREATE,2024-09-30 12:24:14
BLHFd@ya.ru,DELETE,2024-09-30 23:51:10
PyGtVF@gmail.com,UPDATE,2024-09-30 15:09:38
ioFEDePcH@ya.ru,READ,2024-09-30 18:47:00
oAbIL@mail.ru,UPDATE,2024-09-30 23:13:45
vZtnzh@gmail.com,DELETE,2024-09-30 14:59:14
lHjcR@ya.ru,DELETE,2024-09-30 15:16:18
PyGtVF@gmail.com,DELETE,2024-09-30 09:47:26
vqEZJHoXTQEn@gmail.com,READ,2024-09-30 12:02:25
ioFEDePcH@ya.ru,UPDATE,2024-09-30 00:45:04
vZtnzh@gmail.com,DELETE,2024-09-30 19:43:58
BLHFd@ya.ru,UPDATE,2024-09-30 12:05:07
qqGwUdmEMl@mail.ru,READ,2024-09-30 17:02:15
PyGtVF@gmail.com,CREATE,2024-09-30 14:06:54
qqGwUdmEMl@mail.ru,READ,2024-09-30 16:58:43
zSfQCVUpMOsvtX@mail.ru,DELETE,2024-09-30 10:30:11
JQIQXiKY@ya.ru,DELETE,2024-09-30 14:17:50
ioFEDePcH@ya.ru,READ,2024-09-30 02:28:27
vZtnzh@gmail.com,READ,2024-09-30 03:45:26
PyGtVF@gmail.com,CREATE,2024-09-30 01:57:48
vZtnzh@gmail.com,DELETE,2024-09-30 23:29:38
vZtnzh@gmail.com,DELETE,2024-09-30 20:39:44
vqEZJHoXTQEn@gmail.com,CREATE,2024-09-30 01:04:48
lHjcR@ya.ru,DELETE,2024-09-30 21:34:02
ioFEDePcH@ya.ru,DELETE,2024-09-30 03:01:06
ioFEDePcH@ya.ru,DELETE,2024-09-30 18:53:18
vqEZJHoXTQEn@gmail.com,DELETE,2024-09-30 20:48:55
JQIQXiKY@ya.ru,UPDATE,2024-09-30 04:29:19
PyGtVF@gmail.com,CREATE,2024-09-30 11:15:31
oAbIL@mail.ru,DELETE,2024-09-30 02:44:33
PyGtVF@gmail.com,DELETE,2024-09-30 02:31:29
JQIQXiKY@ya.ru,CREATE,2024-09-30 12:16:56
BLHFd@ya.ru,UPDATE,2024-09-30 17:51:15
vqEZJHoXTQEn@gmail.com,CREATE,2024-09-30 07:50:21
oAbIL@mail.ru,CREATE,2024-09-30 03:05:26
oAbIL@mail.ru,DELETE,2024-09-30 16:09:54
BLHFd@ya.ru,CREATE,2024-09-30 12:36:05
JQIQXiKY@ya.ru,READ,2024-09-30 15:28:38
ioFEDePcH@ya.ru,UPDATE,2024-09-30 15:24:41
zSfQCVUpMOsvtX@mail.ru,UPDATE,2024-09-30 15:00:52
vZtnzh@gmail.com,DELETE,2024-09-30 14:14:14
vqEZJHoXTQEn@gmail.com,CREATE,2024-09-30 08:20:20
JQIQXiKY@ya.ru,CREATE,2024-09-30 07:03:24
BLHFd@ya.ru,UPDATE,2024-09-30 16:18:49
ioFEDePcH@ya.ru,UPDATE,2024-09-30 17:57:52
lHjcR@ya.ru,DELETE,2024-09-30 23:37:16
oAbIL@mail.ru,CREATE,2024-09-30 16:05:53
JQIQXiKY@ya.ru,CREATE,2024-09-30 17:16:43
qqGwUdmEMl@mail.ru,DELETE,2024-09-30 06:44:26
ioFEDePcH@ya.ru,READ,2024-09-30 23:57:32
lHjcR@ya.ru,DELETE,2024-09-30 15:47:27
vZtnzh@gmail.com,UPDATE,2024-09-30 15:26:09
lHjcR@ya.ru,UPDATE,2024-09-30 03:06:17
oAbIL@mail.ru,UPDATE,2024-09-30 03:39:24
BLHFd@ya.ru,UPDATE,2024-09-30 20:20:29
oAbIL@mail.ru,UPDATE,2024-09-30 05:56:11
qqGwUdmEMl@mail.ru,CREATE,2024-09-30 22:02:36
PyGtVF@gmail.com,READ,2024-09-30 17:58:31
qqGwUdmEMl@mail.ru,DELETE,2024-09-30 00:35:27
PyGtVF@gmail.com,READ,2024-09-30 13:33:27
zSfQCVUpMOsvtX@mail.ru,READ,2024-09-30 13:56:08
PyGtVF@gmail.com,CREATE,2024-09-30 02:01:42
BLHFd@ya.ru,DELETE,2024-09-30 19:29:04
zSfQCVUpMOsvtX@mail.ru,DELETE,2024-09-30 07:04:32
qqGwUdmEMl@mail.ru,CREATE,2024-09-30 04:12:55
lHjcR@ya.ru,DELETE,2024-09-30 01:27:22
PyGtVF@gmail.com,READ,2024-09-30 20:12:54
ioFEDePcH@ya.ru,UPDATE,2024-09-30 15:02:24
BLHFd@ya.ru,READ,2024-09-30 21:14:12
BLHFd@ya.ru,READ,2024-09-30 05:45:04
PyGtVF@gmail.com,CREATE,2024-09-30 03:38:39
lHjcR@ya.ru,READ,2024-09-30 19:02:25
zSfQCVUpMOsvtX@mail.ru,DELETE,2024-09-30 19:33:38
PyGtVF@gmail.com,UPDATE,2024-09-30 18:12:55
ioFEDePcH@ya.ru,DELETE,2024-09-30 15:57:17
PyGtVF@gmail.com,DELETE,2024-09-30 10:41:43
lHjcR@ya.ru,UPDATE,2024-09-30 01:47:11
BLHFd@ya.ru,READ,2024-09-30 01:21:37
PyGtVF@gmail.com,DELETE,2024-09-30 10:06:22
PyGtVF@gmail.com,READ,2024-09-30 02:53:09
vqEZJHoXTQEn@gmail.com,READ,2024-09-30 19:49:20
lHjcR@ya.ru,CREATE,2024-09-30 15:39:45
qqGwUdmEMl@mail.ru,CREATE,2024-09-30 11:32:19
BLHFd@ya.ru,READ,2024-09-30 19:46:17
ioFEDePcH@ya.ru,CREATE,2024-09-30 20:22:19
oAbIL@mail.ru,CREATE,2024-09-30 06:56:31
ioFEDePcH@ya.ru,DELETE,2024-09-30 23:44:47
oAbIL@mail.ru,UPDATE,2024-09-30 13:41:42
BLHFd@ya.ru,CREATE,2024-09-30 01:58:38
JQIQXiKY@ya.ru,UPDATE,2024-09-30 02:35:38
JQIQXiKY@ya.ru,UPDATE,2024-09-30 00:32:20
lHjcR@ya.ru,READ,2024-09-30 04:19:22
lHjcR@ya.ru,DELETE,2024-09-30 11:34:18
vZtnzh@gmail.com,DELETE,2024-09-30 08:43:02
vqEZJHoXTQEn@gmail.com,DELETE,2024-09-30 02:07:14
PyGtVF@gmail.com,UPDATE,2024-09-30 20:07:41
ioFEDePcH@ya.ru,READ,2024-09-30 02:30:23
BLHFd@ya.ru,UPDATE,2024-09-30 19:37:22
vqEZJHoXTQEn@gmail.com,READ,2024-09-30 15:34:24
PyGtVF@gmail.com,READ,2024-09-30 15:37:27
qqGwUdmEMl@mail.ru,READ,2024-09-30 06:04:49
BLHFd@ya.ru,CREATE,2024-09-30 07:41:07
vqEZJHoXTQEn@gmail.com,CREATE,2024-09-30 02:41:51
vZtnzh@gmail.com,DELETE,2024-09-30 17:02:09
BLHFd@ya.ru,UPDATE,2024-09-30 19:35:40
PyGtVF@gmail.com,DELETE,2024-09-30 01:15:31
BLHFd@ya.ru,DELETE,2024-09-30 17:46:48
BLHFd@ya.ru,DELETE,2024-09-30 05:03:41
PyGtVF@gmail.com,CREATE,2024-09-30 08:46:30
qqGwUdmEMl@mail.ru,READ,2024-09-30 09:09:28
PyGtVF@gmail.com,CREATE,2024-09-30 01:36:14
vqEZJHoXTQEn@gmail.com,READ,2024-09-30 11:12:06
lHjcR@ya.ru,UPDATE,2024-09-30 17:05:11
ioFEDePcH@ya.ru,READ,2024-09-30 03:19:34
vZtnzh@gmail.com,UPDATE,2024-09-30 07:23:35
vZtnzh@gmail.com,CREATE,2024-09-30 00:57:28
BLHFd@ya.ru,UPDATE,2024-09-30 23:11:30
oAbIL@mail.ru,DELETE,2024-09-30 10:39:23
PyGtVF@gmail.com,READ,2024-09-30 02:39:01
qqGwUdmEMl@mail.ru,READ,2024-09-30 07:21:47
vZtnzh@gmail.com,DELETE,2024-09-30 05:53:32
qqGwUdmEMl@mail.ru,DELETE,2024-09-30 15:13:54
ioFEDePcH@ya.ru,CREATE,2024-09-30 19:31:04
BLHFd@ya.ru,READ,2024-09-30 16:34:18
BLHFd@ya.ru,READ,2024-09-30 16:59:17
ioFEDePcH@ya.ru,DELETE,2024-09-30 00:49:26
vZtnzh@gmail.com,UPDATE,2024-09-30 21:07:29
vqEZJHoXTQEn@gmail.com,CREATE,2024-09-30 16:28:49
lHjcR@ya.ru,READ,2024-09-30 03:04:38
zSfQCVUpMOsvtX@mail.ru,READ,2024-09-30 13:26:38
qqGwUdmEMl@mail.ru,READ,2024-09-30 12:07:28
zSfQCVUpMOsvtX@mail.ru,UPDATE,2024-09-30 23:41:47
qqGwUdmEMl@mail.ru,CREATE,2024-09-30 18:00:09
BLHFd@ya.ru,UPDATE,2024-09-30 06:46:52
vZtnzh@gmail.com,READ,2024-09-30 02:53:19
lHjcR@ya.ru,CREATE,2024-09-30 21:44:00
qqGwUdmEMl@mail.ru,DELETE,2024-09-30 22:56:58
zSfQCVUpMOsvtX@mail.ru,UPDATE,2024-09-30 14:35:44
JQIQXiKY@ya.ru,READ,2024-09-30 07:23:11
BLHFd@ya.ru,DELETE,2024-09-30 07:39:50
lHjcR@ya.ru,READ,2024-09-30 19:25:13
vZtnzh@gmail.com,READ,2024-09-30 14:39:51
BLHFd@ya.ru,UPDATE,2024-09-30 04:36:57
qqGwUdmEMl@mail.ru,CREATE,2024-09-30 10:23:09
zSfQCVUpMOsvtX@mail.ru,CREATE,2024-09-30 22:42:18
ioFEDePcH@ya.ru,READ,2024-09-30 03:41:47
vqEZJHoXTQEn@gmail.com,UPDATE,2024-09-30 15:18:32
ioFEDePcH@ya.ru,CREATE,2024-09-30 07:59:10
vZtnzh@gmail.com,CREATE,2024-09-30 22:43:57
ioFEDePcH@ya.ru,CREATE,2024-09-30 09:36:12
ioFEDePcH@ya.ru,CREATE,2024-09-30 02:52:38
lHjcR@ya.ru,CREATE,2024-09-30 16:21:20
ioFEDePcH@ya.ru,READ,2024-09-30 02:50:43
BLHFd@ya.ru,CREATE,2024-09-30 02:14:37
ioFEDePcH@ya.ru,UPDATE,2024-09-30 18:34:53
PyGtVF@gmail.com,CREATE,2024-09-30 10:21:32
qqGwUdmEMl@mail.ru,READ,2024-09-30 13:54:34
ioFEDePcH@ya.ru,CREATE,2024-09-30 14:10:49
lHjcR@ya.ru,READ,2024-09-30 22:42:42
vZtnzh@gmail.com,UPDATE,2024-09-30 20:16:28
qqGwUdmEMl@mail.ru,READ,2024-09-30 06:27:22
zSfQCVUpMOsvtX@mail.ru,UPDATE,2024-09-30 16:45:57
oAbIL@mail.ru,CREATE,2024-09-30 22:43:31
zSfQCVUpMOsvtX@mail.ru,UPDATE,2024-09-30 13:13:11
JQIQXiKY@ya.ru,READ,2024-09-30 15:57:33
JQIQXiKY@ya.ru,DELETE,2024-09-30 08:28:29
ioFEDePcH@ya.ru,DELETE,2024-09-30 06:36:18
JQIQXiKY@ya.ru,UPDATE,2024-09-30 07:28:24
qqGwUdmEMl@mail.ru,READ,2024-09-30 18:04:11
zSfQCVUpMOsvtX@mail.ru,UPDATE,2024-09-30 14:07:40
oAbIL@mail.ru,DELETE,2024-09-30 12:31:45
lHjcR@ya.ru,UPDATE,2024-09-30 06:49:34
PyGtVF@gmail.com,CREATE,2024-09-30 20:31:14
PyGtVF@gmail.com,DELETE,2024-09-30 04:43:14
vZtnzh@gmail.com,DELETE,2024-09-30 10:59:15
qqGwUdmEMl@mail.ru,READ,2024-09-30 21:08:23
JQIQXiKY@ya.ru,DELETE,2024-09-30 17:15:33
qqGwUdmEMl@mail.ru,DELETE,2024-09-30 16:01:30
vqEZJHoXTQEn@gmail.com,DELETE,2024-09-30 03:41:05
oAbIL@mail.ru,DELETE,2024-09-30 14:41:39
oAbIL@mail.ru,DELETE,2024-09-30 02:55:13
oAbIL@mail.ru,CREATE,2024-09-30 09:00:19
qqGwUdmEMl@mail.ru,UPDATE,2024-09-30 10:11:46
vqEZJHoXTQEn@gmail.com,READ,2024-09-30 02:08:53
vZtnzh@gmail.com,UPDATE,2024-09-30 19:43:52
qqGwUdmEMl@mail.ru,DELETE,2024-09-30 16:58:58
vZtnzh@gmail.com,READ,2024-09-30 03:00:10
BLHFd@ya.ru,DELETE,2024-09-30 19:42:22
JQIQXiKY@ya.ru,DELETE,2024-09-30 20:47:32
lHjcR@ya.ru,UPDATE,2024-09-30 17:38:34
BLHFd@ya.ru,UPDATE,2024-09-30 02:59:51
qqGwUdmEMl@mail.ru,UPDATE,2024-09-30 04:29:15
vqEZJHoXTQEn@gmail.com,UPDATE,2024-09-30 01:44:47
JQIQXiKY@ya.ru,UPDATE,2024-09-30 03:37:26
lHjcR@ya.ru,READ,2024-09-30 06:42:01
vqEZJHoXTQEn@gmail.com,READ,2024-09-30 23:21:20
PyGtVF@gmail.com,CREATE,2024-09-30 23:43:05
qqGwUdmEMl@mail.ru,CREATE,2024-09-30 13:06:58
zSfQCVUpMOsvtX@mail.ru,UPDATE,2024-09-30 14:44:57
vZtnzh@gmail.com,DELETE,2024-09-30 03:22:16
qqGwUdmEMl@mail.ru,UPDATE,2024-09-30 05:08:00
BLHFd@ya.ru,DELETE,2024-09-30 19:49:51
PyGtVF@gmail.com,CREATE,2024-09-30 18:40:49
PyGtVF@gmail.com,READ,2024-09-30 19:39:22
oAbIL@mail.ru,READ,2024-09-30 09:10:54
zSfQCVUpMOsvtX@mail.ru,READ,2024-09-30 17:08:04
lHjcR@ya.ru,CREATE,2024-09-30 07:46:23
PyGtVF@gmail.com,UPDATE,2024-09-30 17:25:47
vqEZJHoXTQEn@gmail.com,READ,2024-09-30 01:15:33
PyGtVF@gmail.com,READ,2024-09-30 23:18:05
vZtnzh@gmail.com,UPDATE,2024-09-30 16:11:01
ioFEDePcH@ya.ru,DELETE,2024-09-30 12:23:44
JQIQXiKY@ya.ru,UPDATE,2024-09-30 13:29:30
ioFEDePcH@ya.ru,UPDATE,2024-09-30 02:09:34
qqGwUdmEMl@mail.ru,DELETE,2024-09-30 02:52:17
vZtnzh@gmail.com,UPDATE,2024-09-30 20:32:57
lHjcR@ya.ru,CREATE,2024-09-30 21:23:05
ioFEDePcH@ya.ru,DELETE,2024-09-30 00:55:50
PyGtVF@gmail.com,DELETE,2024-09-30 01:59:38
vZtnzh@gmail.com,CREATE,2024-09-30 01:16:34
JQIQXiKY@ya.ru,UPDATE,2024-09-30 10:34:59
JQIQXiKY@ya.ru,READ,2024-09-30 18:37:32
lHjcR@ya.ru,DELETE,2024-09-30 15:48:08
lHjcR@ya.ru,DELETE,2024-09-30 19:17:26
PyGtVF@gmail.com,DELETE,2024-09-30 04:28:15
qqGwUdmEMl@mail.ru,CREATE,2024-09-30 11:51:37
vZtnzh@gmail.com,READ,2024-09-30 03:37:40
oAbIL@mail.ru,CREATE,2024-09-30 15:38:05
vZtnzh@gmail.com,READ,2024-09-30 19:25:11
PyGtVF@gmail.com,READ,2024-09-30 02:00:44
qqGwUdmEMl@mail.ru,UPDATE,2024-09-30 16:45:48
qqGwUdmEMl@mail.ru,READ,2024-09-30 16:48:13
PyGtVF@gmail.com,DELETE,2024-09-30 10:23:40
vqEZJHoXTQEn@gmail.com,CREATE,2024-09-30 15:17:48
lHjcR@ya.ru,READ,2024-09-30 15:41:53
vZtnzh@gmail.com,DELETE,2024-09-30 10:40:46
zSfQCVUpMOsvtX@mail.ru,CREATE,2024-09-30 10:34:07
PyGtVF@gmail.com,DELETE,2024-09-30 01:59:46
PyGtVF@gmail.com,DELETE,2024-09-30 03:12:32
JQIQXiKY@ya.ru,CREATE,2024-09-30 05:38:17
oAbIL@mail.ru,DELETE,2024-09-30 17:05:20
ioFEDePcH@ya.ru,DELETE,2024-09-30 12:44:32
oAbIL@mail.ru,READ,2024-09-30 01:14:48
ioFEDePcH@ya.ru,UPDATE,2024-09-30 14:05:09
vqEZJHoXTQEn@gmail.com,READ,2024-09-30 09:29:06
lHjcR@ya.ru,CREATE,2024-09-30 15:10:12
ioFEDePcH@ya.ru,UPDATE,2024-09-30 21:09:56
zSfQCVUpMOsvtX@mail.ru,READ,2024-09-30 05:00:46
PyGtVF@gmail.com,READ,2024-09-30 00:03:08
PyGtVF@gmail.com,UPDATE,2024-09-30 12:06:25
vqEZJHoXTQEn@gmail.com,CREATE,2024-09-30 13:45:53
BLHFd@ya.ru,READ,2024-09-30 10:46:34
PyGtVF@gmail.com,DELETE,2024-09-30 04:44:29
PyGtVF@gmail.com,CREATE,2024-09-30 03:52:17
PyGtVF@gmail.com,UPDATE,2024-09-30 02:17:42
oAbIL@mail.ru,UPDATE,2024-09-30 05:28:14
oAbIL@mail.ru,UPDATE,2024-09-30 21:12:24
ioFEDePcH@ya.ru,UPDATE,2024-09-30 03:10:14
qqGwUdmEMl@mail.ru,DELETE,2024-09-30 02:13:15
BLHFd@ya.ru,DELETE,2024-09-30 10:14:44
vqEZJHoXTQEn@gmail.com,DELETE,2024-09-30 20:16:40
qqGwUdmEMl@mail.ru,UPDATE,2024-09-30 16:52:29
vqEZJHoXTQEn@gmail.com,UPDATE,2024-09-30 17:22:11
oAbIL@mail.ru,READ,2024-09-30 11:13:30
zSfQCVUpMOsvtX@mail.ru,UPDATE,2024-09-30 04:56:32
vqEZJHoXTQEn@gmail.com,READ,2024-09-30 08:51:52
BLHFd@ya.ru,UPDATE,2024-09-30 21:25:28
PyGtVF@gmail.com,READ,2024-09-30 20:24:20
vZtnzh@gmail.com,CREATE,2024-09-30 08:20:10
BLHFd@ya.ru,UPDATE,2024-09-30 12:19:28
JQIQXiKY@ya.ru,READ,2024-09-30 09:42:28
vZtnzh@gmail.com,READ,2024-09-30 20:43:20
zSfQCVUpMOsvtX@mail.ru,UPDATE,2024-09-30 04:39:26
BLHFd@ya.ru,READ,2024-09-30 05:16:41
lHjcR@ya.ru,READ,2024-09-30 04:14:14
PyGtVF@gmail.com,UPDATE,2024-09-30 02:50:11
JQIQXiKY@ya.ru,DELETE,2024-09-30 11:26:41
oAbIL@mail.ru,DELETE,2024-09-30 07:01:33
BLHFd@ya.ru,DELETE,2024-09-30 08:14:33
qqGwUdmEMl@mail.ru,CREATE,2024-09-30 11:51:49
JQIQXiKY@ya.ru,READ,2024-09-30 06:57:38
BLHFd@ya.ru,DELETE,2024-09-30 21:37:22
ioFEDePcH@ya.ru,READ,2024-09-30 18:44:50
PyGtVF@gmail.com,READ,2024-09-30 07:34:41
BLHFd@ya.ru,DELETE,2024-09-30 15:49:58
vZtnzh@gmail.com,CREATE,2024-09-30 12:10:35
PyGtVF@gmail.com,UPDATE,2024-09-30 08:39:16
zSfQCVUpMOsvtX@mail.ru,CREATE,2024-09-30 18:21:29
qqGwUdmEMl@mail.ru,UPDATE,2024-09-30 06:47:06
qqGwUdmEMl@mail.ru,DELETE,2024-09-30 06:27:20
vZtnzh@gmail.com,DELETE,2024-09-30 15:19:06
BLHFd@ya.ru,DELETE,2024-09-30 07:36:24
qqGwUdmEMl@mail.ru,DELETE,2024-09-30 22:32:38
vqEZJHoXTQEn@gmail.com,DELETE,2024-09-30 15:26:52
qqGwUdmEMl@mail.ru,CREATE,2024-09-30 17:36:48
BLHFd@ya.ru,CREATE,2024-09-30 22:55:10
ioFEDePcH@ya.ru,READ,2024-09-30 13:49:16
PyGtVF@gmail.com,DELETE,2024-09-30 13:29:19
BLHFd@ya.ru,UPDATE,2024-09-30 11:58:55
qqGwUdmEMl@mail.ru,READ,2024-09-30 02:21:23
zSfQCVUpMOsvtX@mail.ru,READ,2024-09-30 21:09:39
JQIQXiKY@ya.ru,CREATE,2024-09-30 22:32:54
BLHFd@ya.ru,READ,2024-09-30 15:32:13
vqEZJHoXTQEn@gmail.com,UPDATE,2024-09-30 19:10:50
lHjcR@ya.ru,READ,2024-09-30 11:53:27
oAbIL@mail.ru,READ,2024-09-30 03:04:13
zSfQCVUpMOsvtX@mail.ru,READ,2024-09-30 18:46:37
JQIQXiKY@ya.ru,UPDATE,2024-09-30 00:48:38
oAbIL@mail.ru,READ,2024-09-30 06:41:21
vZtnzh@gmail.com,CREATE,2024-09-30 11:42:00
PyGtVF@gmail.com,DELETE,2024-09-30 17:56:16
vZtnzh@gmail.com,UPDATE,2024-09-30 01:30:42
qqGwUdmEMl@mail.ru,DELETE,2024-09-30 15:33:27
zSfQCVUpMOsvtX@mail.ru,READ,2024-09-30 22:26:15
lHjcR@ya.ru,DELETE,2024-09-30 11:47:11
vqEZJHoXTQEn@gmail.com,UPDATE,2024-09-30 09:15:29
ioFEDePcH@ya.ru,DELETE,2024-09-30 22:47:10
lHjcR@ya.ru,READ,2024-09-30 06:14:37
vqEZJHoXTQEn@gmail.com,CREATE,2024-09-30 23:30:49
zSfQCVUpMOsvtX@mail.ru,UPDATE,2024-09-30 12:01:06
ioFEDePcH@ya.ru,READ,2024-09-30 03:54:30
qqGwUdmEMl@mail.ru,READ,2024-09-30 17:53:27
vZtnzh@gmail.com,CREATE,2024-09-30 10:28:54
oAbIL@mail.ru,DELETE,2024-09-30 11:37:39
zSfQCVUpMOsvtX@mail.ru,CREATE,2024-09-30 17:51:58
zSfQCVUpMOsvtX@mail.ru,READ,2024-09-30 04:26:40
PyGtVF@gmail.com,CREATE,2024-09-30 07:43:22
JQIQXiKY@ya.ru,DELETE,2024-09-30 19:34:03
BLHFd@ya.ru,READ,2024-09-30 08:03:13
JQIQXiKY@ya.ru,DELETE,2024-09-30 05:38:59
ioFEDePcH@ya.ru,UPDATE,2024-09-30 14:21:22
oAbIL@mail.ru,DELETE,2024-09-30 05:49:53
zSfQCVUpMOsvtX@mail.ru,DELETE,2024-09-30 09:41:48
ioFEDePcH@ya.ru,DELETE,2024-09-30 03:08:32
BLHFd@ya.ru,READ,2024-09-30 22:17:41
vqEZJHoXTQEn@gmail.com,UPDATE,2024-09-30 00:26:12
BLHFd@ya.ru,READ,2024-09-30 21:14:19
lHjcR@ya.ru,CREATE,2024-09-30 02:34:45
BLHFd@ya.ru,READ,2024-09-30 16:46:45
JQIQXiKY@ya.ru,DELETE,2024-09-30 06:27:30
vqEZJHoXTQEn@gmail.com,UPDATE,2024-09-30 11:07:49
JQIQXiKY@ya.ru,CREATE,2024-09-30 22:53:52
PyGtVF@gmail.com,CREATE,2024-09-30 06:31:28
oAbIL@mail.ru,UPDATE,2024-09-30 09:42:29
vZtnzh@gmail.com,UPDATE,2024-09-30 08:39:22
qqGwUdmEMl@mail.ru,CREATE,2024-09-30 23:06:50
JQIQXiKY@ya.ru,CREATE,2024-09-30 10:28:23
zSfQCVUpMOsvtX@mail.ru,CREATE,2024-09-30 05:34:53
vqEZJHoXTQEn@gmail.com,DELETE,2024-09-30 22:34:38
JQIQXiKY@ya.ru,READ,2024-09-30 19:25:02
JQIQXiKY@ya.ru,READ,2024-09-30 21:10:55
qqGwUdmEMl@mail.ru,READ,2024-09-30 15:57:37
JQIQXiKY@ya.ru,CREATE,2024-09-30 12:35:58
qqGwUdmEMl@mail.ru,CREATE,2024-09-30 00:14:04
vZtnzh@gmail.com,DELETE,2024-09-30 08:32:33
vZtnzh@gmail.com,DELETE,2024-09-30 23:25:32
lHjcR@ya.ru,UPDATE,2024-09-30 23:21:13
vqEZJHoXTQEn@gmail.com,DELETE,2024-09-30 07:05:52
PyGtVF@gmail.com,UPDATE,2024-09-30 01:20:27
BLHFd@ya.ru,DELETE,2024-09-30 13:40:33
JQIQXiKY@ya.ru,CREATE,2024-09-30 00:07:31
ioFEDePcH@ya.ru,READ,2024-09-30 07:34:58
oAbIL@mail.ru,READ,2024-09-30 05:27:32
BLHFd@ya.ru,DELETE,2024-09-30 02:04:48
qqGwUdmEMl@mail.ru,READ,2024-09-30 16:42:44
vqEZJHoXTQEn@gmail.com,DELETE,2024-09-30 06:08:49
lHjcR@ya.ru,READ,2024-09-30 00:28:37
zSfQCVUpMOsvtX@mail.ru,DELETE,2024-09-30 12:37:46
lHjcR@ya.ru,READ,2024-09-30 23:08:53
PyGtVF@gmail.com,CREATE,2024-09-30 04:47:47
lHjcR@ya.ru,READ,2024-09-30 21:47:52
vqEZJHoXTQEn@gmail.com,CREATE,2024-09-30 13:39:03
PyGtVF@gmail.com,DELETE,2024-09-30 09:25:43
PyGtVF@gmail.com,CREATE,2024-09-30 04:54:38
JQIQXiKY@ya.ru,CREATE,2024-09-30 23:54:17
JQIQXiKY@ya.ru,CREATE,2024-09-30 06:28:34
ioFEDePcH@ya.ru,UPDATE,2024-09-30 14:52:36
zSfQCVUpMOsvtX@mail.ru,READ,2024-09-30 00:02:20
zSfQCVUpMOsvtX@mail.ru,UPDATE,2024-09-30 14:06:30
vqEZJHoXTQEn@gmail.com,CREATE,2024-09-30 00:35:11
lHjcR@ya.ru,CREATE,2024-09-30 09:24:56
lHjcR@ya.ru,UPDATE,2024-09-30 21:35:00
JQIQXiKY@ya.ru,DELETE,2024-09-30 05:50:40
zSfQCVUpMOsvtX@mail.ru,CREATE,2024-09-30 14:13:25
oAbIL@mail.ru,DELETE,2024-09-30 20:21:33
qqGwUdmEMl@mail.ru,UPDATE,2024-09-30 18:42:26
lHjcR@ya.ru,DELETE,2024-09-30 14:55:10
JQIQXiKY@ya.ru,READ,2024-09-30 15:12:48
BLHFd@ya.ru,UPDATE,2024-09-30 05:55:01
PyGtVF@gmail.com,UPDATE,2024-09-30 13:02:00
BLHFd@ya.ru,CREATE,2024-09-30 22:30:23
qqGwUdmEMl@mail.ru,DELETE,2024-09-30 13:54:02
zSfQCVUpMOsvtX@mail.ru,READ,2024-09-30 14:56:26
oAbIL@mail.ru,READ,2024-09-30 23:52:54
vqEZJHoXTQEn@gmail.com,UPDATE,2024-09-30 10:10:46
ioFEDePcH@ya.ru,UPDATE,2024-09-30 09:04:57
oAbIL@mail.ru,READ,2024-09-30 05:15:56
PyGtVF@gmail.com,READ,2024-09-30 07:40:25
lHjcR@ya.ru,UPDATE,2024-09-30 05:54:19
vqEZJHoXTQEn@gmail.com,CREATE,2024-09-30 06:26:01
BLHFd@ya.ru,READ,2024-09-30 08:41:43
BLHFd@ya.ru,READ,2024-09-30 00:39:06
qqGwUdmEMl@mail.ru,UPDATE,2024-09-30 05:54:36
lHjcR@ya.ru,READ,2024-09-30 13:32:39
zSfQCVUpMOsvtX@mail.ru,DELETE,2024-09-30 21:03:45
vqEZJHoXTQEn@gmail.com,DELETE,2024-09-30 03:33:52
zSfQCVUpMOsvtX@mail.ru,CREATE,2024-09-30 06:18:54
lHjcR@ya.ru,READ,2024-09-30 08:52:28
lHjcR@ya.ru,READ,2024-09-30 22:45:22
zSfQCVUpMOsvtX@mail.ru,UPDATE,2024-09-30 02:38:04
vqEZJHoXTQEn@gmail.com,CREATE,2024-09-30 10:51:18
oAbIL@mail.ru,UPDATE,2024-09-30 13:12:04
ioFEDePcH@ya.ru,READ,2024-09-30 12:20:49
qqGwUdmEMl@mail.ru,CREATE,2024-09-30 10:39:30
vZtnzh@gmail.com,READ,2024-09-30 08:40:53
lHjcR@ya.ru,DELETE,2024-09-30 17:16:23
ioFEDePcH@ya.ru,UPDATE,2024-09-30 12:59:36
ioFEDePcH@ya.ru,UPDATE,2024-09-30 20:59:01
PyGtVF@gmail.com,CREATE,2024-09-30 23:11:27
PyGtVF@gmail.com,CREATE,2024-09-30 10:27:38
vZtnzh@gmail.com,CREATE,2024-09-30 08:09:04
zSfQCVUpMOsvtX@mail.ru,CREATE,2024-09-30 16:28:07
JQIQXiKY@ya.ru,UPDATE,2024-09-30 00:55:49
vqEZJHoXTQEn@gmail.com,CREATE,2024-09-30 07:16:05
vZtnzh@gmail.com,READ,2024-09-30 10:13:58
qqGwUdmEMl@mail.ru,CREATE,2024-09-30 23:46:06
lHjcR@ya.ru,CREATE,2024-09-30 01:54:02
JQIQXiKY@ya.ru,CREATE,2024-09-30 09:57:45
JQIQXiKY@ya.ru,UPDATE,2024-09-30 08:18:24
lHjcR@ya.ru,UPDATE,2024-09-30 21:21:00
qqGwUdmEMl@mail.ru,UPDATE,2024-09-30 15:59:45
ioFEDePcH@ya.ru,DELETE,2024-09-30 04:29:44
JQIQXiKY@ya.ru,DELETE,2024-09-30 00:50:20
BLHFd@ya.ru,CREATE,2024-09-30 03:16:02
qqGwUdmEMl@mail.ru,READ,2024-09-30 17:51:24
qqGwUdmEMl@mail.ru,READ,2024-09-30 05:18:06
lHjcR@ya.ru,CREATE,2024-09-30 15:54:18
qqGwUdmEMl@mail.ru,UPDATE,2024-09-30 12:33:15
BLHFd@ya.ru,CREATE,2024-09-30 14:08:56
lHjcR@ya.ru,READ,2024-09-30 06:56:47
lHjcR@ya.ru,UPDATE,2024-09-30 21:27:01
zSfQCVUpMOsvtX@mail.ru,UPDATE,2024-09-30 06:01:59
vqEZJHoXTQEn@gmail.com,DELETE,2024-09-30 23:53:59
JQIQXiKY@ya.ru,READ,2024-09-30 11:03:31
vqEZJHoXTQEn@gmail.com,DELETE,2024-09-30 05:00:11
PyGtVF@gmail.com,READ,2024-09-30 03:36:32
vZtnzh@gmail.com,CREATE,2024-09-30 03:37:22
lHjcR@ya.ru,READ,2024-09-30 05:54:08
lHjcR@ya.ru,UPDATE,2024-09-30 05:28:13
PyGtVF@gmail.com,DELETE,2024-09-30 23:28:26
qqGwUdmEMl@mail.ru,DELETE,2024-09-30 11:50:27
PyGtVF@gmail.com,DELETE,2024-09-30 20:30:24
PyGtVF@gmail.com,READ,2024-09-30 11:05:13
vqEZJHoXTQEn@gmail.com,DELETE,2024-09-30 13:17:18
PyGtVF@gmail.com,UPDATE,2024-09-30 16:00:15
oAbIL@mail.ru,UPDATE,2024-09-30 13:02:39
vqEZJHoXTQEn@gmail.com,UPDATE,2024-09-30 09:13:40
lHjcR@ya.ru,DELETE,2024-09-30 05:38:08
qqGwUdmEMl@mail.ru,UPDATE,2024-09-30 04:15:50
zSfQCVUpMOsvtX@mail.ru,READ,2024-09-30 03:16:40
zSfQCVUpMOsvtX@mail.ru,READ,2024-09-30 01:57:02
zSfQCVUpMOsvtX@mail.ru,UPDATE,2024-09-30 05:25:34
lHjcR@ya.ru,UPDATE,2024-09-30 21:01:40
oAbIL@mail.ru,READ,2024-09-30 00:33:02
JQIQXiKY@ya.ru,UPDATE,2024-09-30 19:58:08
vqEZJHoXTQEn@gmail.com,UPDATE,2024-09-30 23:01:43
BLHFd@ya.ru,DELETE,2024-09-30 03:35:18
vqEZJHoXTQEn@gmail.com,READ,2024-09-30 09:21:00
vZtnzh@gmail.com,READ,2024-09-30 11:52:14
lHjcR@ya.ru,READ,2024-09-30 10:28:51
JQIQXiKY@ya.ru,DELETE,2024-09-30 10:43:28
qqGwUdmEMl@mail.ru,UPDATE,2024-09-30 00:07:46
vqEZJHoXTQEn@gmail.com,DELETE,2024-09-30 18:14:39
JQIQXiKY@ya.ru,UPDATE,2024-09-30 00:51:03
ioFEDePcH@ya.ru,READ,2024-09-30 18:40:49
BLHFd@ya.ru,CREATE,2024-09-30 21:00:15
BLHFd@ya.ru,CREATE,2024-09-30 02:04:50
ioFEDePcH@ya.ru,CREATE,2024-09-30 02:07:40
lHjcR@ya.ru,READ,2024-09-30 03:28:21
lHjcR@ya.ru,READ,2024-09-30 09:10:19
BLHFd@ya.ru,READ,2024-09-30 15:57:27
BLHFd@ya.ru,READ,2024-09-30 07:17:30
lHjcR@ya.ru,READ,2024-09-30 23:36:36
ioFEDePcH@ya.ru,UPDATE,2024-09-30 02:23:19
oAbIL@mail.ru,UPDATE,2024-09-30 00:17:13
vZtnzh@gmail.com,READ,2024-09-30 09:30:28
qqGwUdmEMl@mail.ru,READ,2024-09-30 22:58:42
oAbIL@mail.ru,DELETE,2024-09-30 23:03:05
BLHFd@ya.ru,UPDATE,2024-09-30 23:03:39
qqGwUdmEMl@mail.ru,CREATE,2024-09-30 22:12:09
vqEZJHoXTQEn@gmail.com,UPDATE,2024-09-30 10:54:09
qqGwUdmEMl@mail.ru,DELETE,2024-09-30 13:51:02
lHjcR@ya.ru,CREATE,2024-09-30 18:35:55
lHjcR@ya.ru,UPDATE,2024-09-30 01:33:14
ioFEDePcH@ya.ru,UPDATE,2024-09-30 06:23:33
ioFEDePcH@ya.ru,READ,2024-09-30 04:03:03
PyGtVF@gmail.com,UPDATE,2024-09-30 18:46:24
zSfQCVUpMOsvtX@mail.ru,DELETE,2024-09-30 03:56:29
PyGtVF@gmail.com,UPDATE,2024-09-30 07:13:03
lHjcR@ya.ru,UPDATE,2024-09-30 18:06:13
BLHFd@ya.ru,UPDATE,2024-09-30 03:06:51
PyGtVF@gmail.com,UPDATE,2024-09-30 09:03:25
vqEZJHoXTQEn@gmail.com,CREATE,2024-09-30 02:51:42
qqGwUdmEMl@mail.ru,CREATE,2024-09-30 11:25:06
BLHFd@ya.ru,READ,2024-09-30 23:50:44
ioFEDePcH@ya.ru,CREATE,2024-09-30 12:42:14
qqGwUdmEMl@mail.ru,UPDATE,2024-09-30 15:58:58
JQIQXiKY@ya.ru,UPDATE,2024-09-30 02:08:19
zSfQCVUpMOsvtX@mail.ru,READ,2024-09-30 03:45:43
oAbIL@mail.ru,UPDATE,2024-09-30 04:43:48
vqEZJHoXTQEn@gmail.com,UPDATE,2024-09-30 05:24:53
vqEZJHoXTQEn@gmail.com,READ,2024-09-30 19:11:04
ioFEDePcH@ya.ru,READ,2024-09-30 11:52:56
lHjcR@ya.ru,UPDATE,2024-09-30 15:05:36
qqGwUdmEMl@mail.ru,UPDATE,2024-09-30 14:39:01
JQIQXiKY@ya.ru,CREATE,2024-09-30 19:21:12
BLHFd@ya.ru,READ,2024-09-30 14:30:03
zSfQCVUpMOsvtX@mail.ru,READ,2024-09-30 05:15:42
qqGwUdmEMl@mail.ru,READ,2024-09-30 10:32:47
vqEZJHoXTQEn@gmail.com,DELETE,2024-09-30 04:41:56
vqEZJHoXTQEn@gmail.com,READ,2024-09-30 03:48:09
vqEZJHoXTQEn@gmail.com,UPDATE,2024-09-30 19:12:49
zSfQCVUpMOsvtX@mail.ru,READ,2024-09-30 05:14:32
oAbIL@mail.ru,READ,2024-09-30 04:53:13
vZtnzh@gmail.com,UPDATE,2024-09-30 15:00:07
zSfQCVUpMOsvtX@mail.ru,DELETE,2024-09-30 22:38:07
qqGwUdmEMl@mail.ru,DELETE,2024-09-30 17:19:26
ioFEDePcH@ya.ru,DELETE,2024-09-30 12:06:02
JQIQXiKY@ya.ru,DELETE,2024-09-30 05:00:03
vZtnzh@gmail.com,DELETE,2024-09-30 07:35:03
oAbIL@mail.ru,DELETE,2024-09-30 14:43:43
vZtnzh@gmail.com,DELETE,2024-09-30 09:58:18
JQIQXiKY@ya.ru,UPDATE,2024-09-30 05:41:59
oAbIL@mail.ru,UPDATE,2024-09-30 04:45:50
lHjcR@ya.ru,READ,2024-09-30 03:03:53
ioFEDePcH@ya.ru,READ,2024-09-30 08:49:47
oAbIL@mail.ru,CREATE,2024-09-30 17:41:23
oAbIL@mail.ru,READ,2024-09-30 11:25:34
PyGtVF@gmail.com,CREATE,2024-09-30 09:54:21
zSfQCVUpMOsvtX@mail.ru,UPDATE,2024-09-30 21:39:42
ioFEDePcH@ya.ru,DELETE,2024-09-30 07:14:37
oAbIL@mail.ru,CREATE,2024-09-30 03:59:41
qqGwUdmEMl@mail.ru,DELETE,2024-09-30 21:20:29
oAbIL@mail.ru,UPDATE,2024-09-30 18:49:44
vZtnzh@gmail.com,UPDATE,2024-09-30 05:08:20
BLHFd@ya.ru,DELETE,2024-09-30 08:35:19
lHjcR@ya.ru,UPDATE,2024-09-30 21:15:41
lHjcR@ya.ru,DELETE,2024-09-30 16:54:19
oAbIL@mail.ru,DELETE,2024-09-30 16:46:27
vZtnzh@gmail.com,READ,2024-09-30 09:19:06
PyGtVF@gmail.com,UPDATE,2024-09-30 20:53:59
vqEZJHoXTQEn@gmail.com,UPDATE,2024-09-30 19:51:08
JQIQXiKY@ya.ru,READ,2024-09-30 22:18:15
vqEZJHoXTQEn@gmail.com,CREATE,2024-09-30 21:08:22
PyGtVF@gmail.com,UPDATE,2024-09-30 17:04:24
vZtnzh@gmail.com,CREATE,2024-09-30 09:32:47
JQIQXiKY@ya.ru,CREATE,2024-09-30 21:56:27
JQIQXiKY@ya.ru,CREATE,2024-09-30 17:49:14
vZtnzh@gmail.com,CREATE,2024-09-30 15:46:40
oAbIL@mail.ru,UPDATE,2024-09-30 09:50:22
lHjcR@ya.ru,UPDATE,2024-09-30 02:35:10
PyGtVF@gmail.com,DELETE,2024-09-30 11:01:57
JQIQXiKY@ya.ru,UPDATE,2024-09-30 04:05:50
vZtnzh@gmail.com,CREATE,2024-09-30 23:40:00
lHjcR@ya.ru,READ,2024-09-30 12:10:23
zSfQCVUpMOsvtX@mail.ru,UPDATE,2024-09-30 23:25:40
zSfQCVUpMOsvtX@mail.ru,CREATE,2024-09-30 23:36:49
PyGtVF@gmail.com,DELETE,2024-09-30 19:04:48
PyGtVF@gmail.com,UPDATE,2024-09-30 12:56:00
qqGwUdmEMl@mail.ru,UPDATE,2024-09-30 13:27:06
vqEZJHoXTQEn@gmail.com,DELETE,2024-09-30 04:38:52
JQIQXiKY@ya.ru,READ,2024-09-30 15:07:54
lHjcR@ya.ru,READ,2024-09-30 10:23:22
JQIQXiKY@ya.ru,UPDATE,2024-09-30 16:53:52
oAbIL@mail.ru,UPDATE,2024-09-30 20:23:44
JQIQXiKY@ya.ru,CREATE,2024-09-30 23:35:28
vqEZJHoXTQEn@gmail.com,READ,2024-09-30 08:46:48
BLHFd@ya.ru,DELETE,2024-09-30 03:27:25
ioFEDePcH@ya.ru,UPDATE,2024-09-30 18:59:00
vZtnzh@gmail.com,DELETE,2024-09-30 01:04:15
qqGwUdmEMl@mail.ru,UPDATE,2024-09-30 05:30:43
vZtnzh@gmail.com,READ,2024-09-30 12:16:48
zSfQCVUpMOsvtX@mail.ru,CREATE,2024-09-30 10:07:24
PyGtVF@gmail.com,UPDATE,2024-09-30 15:59:11
PyGtVF@gmail.com,READ,2024-09-30 01:09:38
ioFEDePcH@ya.ru,UPDATE,2024-09-30 20:52:28
vqEZJHoXTQEn@gmail.com,UPDATE,2024-09-30 12:14:54
JQIQXiKY@ya.ru,READ,2024-09-30 05:21:07
zSfQCVUpMOsvtX@mail.ru,DELETE,2024-09-30 01:08:44
JQIQXiKY@ya.ru,DELETE,2024-09-30 19:19:22
qqGwUdmEMl@mail.ru,READ,2024-09-30 02:31:24
BLHFd@ya.ru,UPDATE,2024-09-30 19:39:45
qqGwUdmEMl@mail.ru,DELETE,2024-09-30 07:34:40
JQIQXiKY@ya.ru,CREATE,2024-09-30 08:28:07
qqGwUdmEMl@mail.ru,DELETE,2024-09-30 15:45:22
oAbIL@mail.ru,UPDATE,2024-09-30 01:18:15
vqEZJHoXTQEn@gmail.com,UPDATE,2024-09-30 12:16:15
ioFEDePcH@ya.ru,UPDATE,2024-09-30 19:15:37
oAbIL@mail.ru,READ,2024-09-30 18:29:39
PyGtVF@gmail.com,READ,2024-09-30 05:52:37
lHjcR@ya.ru,READ,2024-09-30 02:15:14
vqEZJHoXTQEn@gmail.com,CREATE,2024-09-30 00:59:56
BLHFd@ya.ru,READ,2024-09-30 11:13:40
ioFEDePcH@ya.ru,CREATE,2024-09-30 16:00:08
ioFEDePcH@ya.ru,READ,2024-09-30 18:36:53
vZtnzh@gmail.com,UPDATE,2024-09-30 08:49:13
JQIQXiKY@ya.ru,READ,2024-09-30 08:52:09
lHjcR@ya.ru,READ,2024-09-30 02:24:40
JQIQXiKY@ya.ru,READ,2024-09-30 06:30:39
lHjcR@ya.ru,UPDATE,2024-09-30 18:40:09
PyGtVF@gmail.com,DELETE,2024-09-30 16:31:22
lHjcR@ya.ru,UPDATE,2024-09-30 20:01:37
zSfQCVUpMOsvtX@mail.ru,UPDATE,2024-09-30 23:31:13
lHjcR@ya.ru,DELETE,2024-09-30 09:25:04
PyGtVF@gmail.com,CREATE,2024-09-30 15:40:22
ioFEDePcH@ya.ru,READ,2024-09-30 16:18:38
lHjcR@ya.ru,CREATE,2024-09-30 14:21:42
vqEZJHoXTQEn@gmail.com,UPDATE,2024-09-30 03:14:03
JQIQXiKY@ya.ru,DELETE,2024-09-30 20:50:16
vqEZJHoXTQEn@gmail.com,CREATE,2024-09-30 21:46:14
vZtnzh@gmail.com,DELETE,2024-09-30 09:52:06
vZtnzh@gmail.com,DELETE,2024-09-30 09:31:44
vqEZJHoXTQEn@gmail.com,DELETE,2024-09-30 20:03:17
zSfQCVUpMOsvtX@mail.ru,CREATE,2024-09-30 18:10:28
JQIQXiKY@ya.ru,CREATE,2024-09-30 08:31:15
zSfQCVUpMOsvtX@mail.ru,UPDATE,2024-09-30 00:40:24
oAbIL@mail.ru,READ,2024-09-30 14:04:38
JQIQXiKY@ya.ru,UPDATE,2024-09-30 13:50:55
JQIQXiKY@ya.ru,DELETE,2024-09-30 15:42:19
zSfQCVUpMOsvtX@mail.ru,UPDATE,2024-09-30 10:10:21
JQIQXiKY@ya.ru,READ,2024-09-30 21:23:04
qqGwUdmEMl@mail.ru,UPDATE,2024-09-30 02:01:54
vZtnzh@gmail.com,READ,2024-09-30 04:31:32
vqEZJHoXTQEn@gmail.com,READ,2024-09-30 07:15:00
oAbIL@mail.ru,UPDATE,2024-09-30 22:26:00
vZtnzh@gmail.com,READ,2024-09-30 01:40:36
qqGwUdmEMl@mail.ru,UPDATE,2024-09-30 03:59:53
PyGtVF@gmail.com,CREATE,2024-09-30 13:14:08
vZtnzh@gmail.com,READ,2024-09-30 16:10:28
oAbIL@mail.ru,UPDATE,2024-09-30 12:55:38
PyGtVF@gmail.com,CREATE,2024-09-30 19:54:36
vZtnzh@gmail.com,DELETE,2024-09-30 16:19:38
qqGwUdmEMl@mail.ru,DELETE,2024-09-30 14:35:43
qqGwUdmEMl@mail.ru,READ,2024-09-30 19:59:45
lHjcR@ya.ru,UPDATE,2024-09-30 04:07:20
JQIQXiKY@ya.ru,UPDATE,2024-09-30 10:13:59
vZtnzh@gmail.com,UPDATE,2024-09-30 00:28:46
vZtnzh@gmail.com,CREATE,2024-09-30 21:21:46
BLHFd@ya.ru,READ,2024-09-30 19:55:26
PyGtVF@gmail.com,DELETE,2024-09-30 12:14:18
vqEZJHoXTQEn@gmail.com,CREATE,2024-09-30 16:56:11
vqEZJHoXTQEn@gmail.com,UPDATE,2024-09-30 20:55:19
vZtnzh@gmail.com,CREATE,2024-09-30 22:18:42
vqEZJHoXTQEn@gmail.com,DELETE,2024-09-30 13:06:45
lHjcR@ya.ru,READ,2024-09-30 15:58:51
qqGwUdmEMl@mail.ru,READ,2024-09-30 09:22:09
PyGtVF@gmail.com,CREATE,2024-09-30 04:01:45
oAbIL@mail.ru,READ,2024-09-30 05:50:14
qqGwUdmEMl@mail.ru,READ,2024-09-30 03:41:18
BLHFd@ya.ru,UPDATE,2024-09-30 23:30:58
zSfQCVUpMOsvtX@mail.ru,UPDATE,2024-09-30 23:03:07
lHjcR@ya.ru,CREATE,2024-09-30 03:04:36
BLHFd@ya.ru,CREATE,2024-09-30 19:53:28
vZtnzh@gmail.com,UPDATE,2024-09-30 01:04:37
BLHFd@ya.ru,READ,2024-09-30 23:50:33
zSfQCVUpMOsvtX@mail.ru,READ,2024-09-30 02:07:05
vZtnzh@gmail.com,DELETE,2024-09-30 17:29:36
JQIQXiKY@ya.ru,UPDATE,2024-09-30 16:34:10
JQIQXiKY@ya.ru,READ,2024-09-30 00:28:09
PyGtVF@gmail.com,DELETE,2024-09-30 21:43:59
vqEZJHoXTQEn@gmail.com,DELETE,2024-09-30 12:39:29
vZtnzh@gmail.com,READ,2024-09-30 12:47:21
PyGtVF@gmail.com,DELETE,2024-09-30 00:53:03
vZtnzh@gmail.com,UPDATE,2024-09-30 22:47:21
PyGtVF@gmail.com,DELETE,2024-09-30 05:00:39
vqEZJHoXTQEn@gmail.com,READ,2024-09-30 21:19:15
oAbIL@mail.ru,UPDATE,2024-09-30 02:33:51
qqGwUdmEMl@mail.ru,DELETE,2024-09-30 12:43:49
qqGwUdmEMl@mail.ru,UPDATE,2024-09-30 15:45:37
lHjcR@ya.ru,UPDATE,2024-09-30 10:46:13
vZtnzh@gmail.com,CREATE,2024-09-30 00:26:54
oAbIL@mail.ru,CREATE,2024-09-30 12:57:21
zSfQCVUpMOsvtX@mail.ru,READ,2024-09-30 13:08:07
lHjcR@ya.ru,CREATE,2024-09-30 16:08:05
zSfQCVUpMOsvtX@mail.ru,DELETE,2024-09-30 17:12:27
ioFEDePcH@ya.ru,UPDATE,2024-09-30 09:49:24
qqGwUdmEMl@mail.ru,UPDATE,2024-09-30 09:09:36
BLHFd@ya.ru,CREATE,2024-09-30 10:15:17
vqEZJHoXTQEn@gmail.com,UPDATE,2024-09-30 12:35:22
PyGtVF@gmail.com,CREATE,2024-09-30 01:15:43
BLHFd@ya.ru,UPDATE,2024-09-30 22:45:17
vqEZJHoXTQEn@gmail.com,UPDATE,2024-09-30 19:39:03
vqEZJHoXTQEn@gmail.com,CREATE,2024-09-30 04:06:18
PyGtVF@gmail.com,DELETE,2024-09-30 06:56:57
qqGwUdmEMl@mail.ru,DELETE,2024-09-30 06:01:53
PyGtVF@gmail.com,DELETE,2024-09-30 08:58:08
zSfQCVUpMOsvtX@mail.ru,UPDATE,2024-09-30 13:46:40
JQIQXiKY@ya.ru,DELETE,2024-09-30 14:40:27
vqEZJHoXTQEn@gmail.com,UPDATE,2024-09-30 10:01:48
vZtnzh@gmail.com,UPDATE,2024-09-30 14:22:49
PyGtVF@gmail.com,CREATE,2024-09-30 23:42:53
qqGwUdmEMl@mail.ru,CREATE,2024-09-30 22:44:11
BLHFd@ya.ru,READ,2024-09-30 18:54:57
oAbIL@mail.ru,CREATE,2024-09-30 19:42:27
ioFEDePcH@ya.ru,DELETE,2024-09-30 04:35:53
BLHFd@ya.ru,READ,2024-09-30 07:50:29
ioFEDePcH@ya.ru,UPDATE,2024-09-30 11:10:02
BLHFd@ya.ru,READ,2024-09-30 15:10:53
ioFEDePcH@ya.ru,CREATE,2024-09-30 17:32:25
vqEZJHoXTQEn@gmail.com,READ,2024-09-30 14:24:50
vZtnzh@gmail.com,CREATE,2024-09-30 23:36:04
vZtnzh@gmail.com,DELETE,2024-09-30 00:02:51
oAbIL@mail.ru,DELETE,2024-09-30 07:32:10
qqGwUdmEMl@mail.ru,CREATE,2024-09-30 07:34:29
lHjcR@ya.ru,CREATE,2024-09-30 06:35:23
zSfQCVUpMOsvtX@mail.ru,DELETE,2024-09-30 11:40:35
JQIQXiKY@ya.ru,UPDATE,2024-09-30 14:06:42
JQIQXiKY@ya.ru,CREATE,2024-09-30 02:49:57
qqGwUdmEMl@mail.ru,CREATE,2024-09-30 12:36:56
oAbIL@mail.ru,UPDATE,2024-09-30 16:27:19
qqGwUdmEMl@mail.ru,READ,2024-09-30 05:53:09
ioFEDePcH@ya.ru,UPDATE,2024-09-30 15:04:37
BLHFd@ya.ru,UPDATE,2024-09-30 22:36:44
lHjcR@ya.ru,READ,2024-09-30 21:35:36
qqGwUdmEMl@mail.ru,DELETE,2024-09-30 20:15:01
JQIQXiKY@ya.ru,CREATE,2024-09-30 04:54:54
vqEZJHoXTQEn@gmail.com,CREATE,2024-09-30 16:39:48
ioFEDePcH@ya.ru,DELETE,2024-09-30 13:05:36
vqEZJHoXTQEn@gmail.com,CREATE,2024-09-30 13:21:14
qqGwUdmEMl@mail.ru,CREATE,2024-09-30 16:51:32
BLHFd@ya.ru,UPDATE,2024-09-30 05:32:11
vZtnzh@gmail.com,DELETE,2024-09-30 13:11:34
PyGtVF@gmail.com,DELETE,2024-09-30 08:03:47
lHjcR@ya.ru,UPDATE,2024-09-30 02:32:48
JQIQXiKY@ya.ru,CREATE,2024-09-30 03:42:25
vZtnzh@gmail.com,CREATE,2024-09-30 22:41:30
oAbIL@mail.ru,CREATE,2024-09-30 23:12:10
vZtnzh@gmail.com,CREATE,2024-09-30 17:33:09
vqEZJHoXTQEn@gmail.com,READ,2024-09-30 03:47:57
BLHFd@ya.ru,DELETE,2024-09-30 20:49:08
ioFEDePcH@ya.ru,DELETE,2024-09-30 21:07:27
lHjcR@ya.ru,READ,2024-09-30 17:18:08
JQIQXiKY@ya.ru,UPDATE,2024-09-30 22:38:44
ioFEDePcH@ya.ru,UPDATE,2024-09-30 13:07:34
oAbIL@mail.ru,CREATE,2024-09-30 12:34:48
zSfQCVUpMOsvtX@mail.ru,DELETE,2024-09-30 15:27:42
vZtnzh@gmail.com,CREATE,2024-09-30 22:06:43
BLHFd@ya.ru,DELETE,2024-09-30 17:38:59
qqGwUdmEMl@mail.ru,UPDATE,2024-09-30 12:03:14
ioFEDePcH@ya.ru,DELETE,2024-09-30 19:27:43
ioFEDePcH@ya.ru,READ,2024-09-30 07:52:33
zSfQCVUpMOsvtX@mail.ru,DELETE,2024-09-30 21:56:05
PyGtVF@gmail.com,READ,2024-09-30 01:34:09
lHjcR@ya.ru,CREATE,2024-09-30 10:23:11
qqGwUdmEMl@mail.ru,READ,2024-09-30 18:20:34
JQIQXiKY@ya.ru,DELETE,2024-09-30 19:50:01
ioFEDePcH@ya.ru,UPDATE,2024-09-30 01:20:09
BLHFd@ya.ru,UPDATE,2024-09-30 20:17:26
vqEZJHoXTQEn@gmail.com,READ,2024-09-30 15:17:57
qqGwUdmEMl@mail.ru,READ,2024-09-30 10:51:13
BLHFd@ya.ru,UPDATE,2024-09-30 21:41:28
BLHFd@ya.ru,UPDATE,2024-09-30 19:25:07
lHjcR@ya.ru,DELETE,2024-09-30 13:12:51
vqEZJHoXTQEn@gmail.com,DELETE,2024-09-30 20:03:10
ioFEDePcH@ya.ru,READ,2024-09-30 05:16:08
vZtnzh@gmail.com,CREATE,2024-09-30 22:45:52
ioFEDePcH@ya.ru,UPDATE,2024-09-30 17:59:35
oAbIL@mail.ru,READ,2024-09-30 22:07:21
qqGwUdmEMl@mail.ru,CREATE,2024-09-30 07:40:36
vZtnzh@gmail.com,UPDATE,2024-09-30 20:49:31
oAbIL@mail.ru,UPDATE,2024-09-30 00:26:57
zSfQCVUpMOsvtX@mail.ru,DELETE,2024-09-30 23:04:22
lHjcR@ya.ru,READ,2024-09-30 08:41:32
vZtnzh@gmail.com,CREATE,2024-09-30 09:10:41
BLHFd@ya.ru,CREATE,2024-09-30 04:09:57
qqGwUdmEMl@mail.ru,UPDATE,2024-09-30 10:03:42
ioFEDePcH@ya.ru,UPDATE,2024-09-30 02:58:19
ioFEDePcH@ya.ru,READ,2024-09-30 09:28:55
lHjcR@ya.ru,UPDATE,2024-09-30 07:03:39
lHjcR@ya.ru,CREATE,2024-09-30 20:53:06
oAbIL@mail.ru,CREATE,2024-09-30 22:09:43
vqEZJHoXTQEn@gmail.com,UPDATE,2024-09-30 22:38:16
JQIQXiKY@ya.ru,DELETE,2024-09-30 11:08:30
ioFEDePcH@ya.ru,CREATE,2024-09-30 18:01:56
vqEZJHoXTQEn@gmail.com,READ,2024-09-30 06:06:56
JQIQXiKY@ya.ru,CREATE,2024-09-30 08:25:41
BLHFd@ya.ru,UPDATE,2024-09-30 20:39:46
vqEZJHoXTQEn@gmail.com,UPDATE,2024-09-30 17:03:31
zSfQCVUpMOsvtX@mail.ru,DELETE,2024-09-30 14:27:08
BLHFd@ya.ru,UPDATE,2024-09-30 01:01:56
vZtnzh@gmail.com,CREATE,2024-09-30 04:46:18
oAbIL@mail.ru,UPDATE,2024-09-30 17:05:57
vZtnzh@gmail.com,CREATE,2024-09-30 15:32:02
lHjcR@ya.ru,READ,2024-09-30 14:17:02
JQIQXiKY@ya.ru,DELETE,2024-09-30 17:09:44
qqGwUdmEMl@mail.ru,UPDATE,2024-09-30 20:05:12
vZtnzh@gmail.com,READ,2024-09-30 20:41:44
BLHFd@ya.ru,DELETE,2024-09-30 18:28:21
qqGwUdmEMl@mail.ru,UPDATE,2024-09-30 14:14:06
zSfQCVUpMOsvtX@mail.ru,CREATE,2024-09-30 15:55:00
vqEZJHoXTQEn@gmail.com,READ,2024-09-30 18:44:20
oAbIL@mail.ru,CREATE,2024-09-30 19:33:50
ioFEDePcH@ya.ru,READ,2024-09-30 01:57:50
vqEZJHoXTQEn@gmail.com,UPDATE,2024-09-30 01:41:45
zSfQCVUpMOsvtX@mail.ru,DELETE,2024-09-30 09:52:18
qqGwUdmEMl@mail.ru,CREATE,2024-09-30 14:49:58
JQIQXiKY@ya.ru,DELETE,2024-09-30 21:21:04
PyGtVF@gmail.com,UPDATE,2024-09-30 18:12:38
PyGtVF@gmail.com,READ,2024-09-30 21:54:56
lHjcR@ya.ru,READ,2024-09-30 06:01:04
ioFEDePcH@ya.ru,UPDATE,2024-09-30 02:22:39
vqEZJHoXTQEn@gmail.com,UPDATE,2024-09-30 21:19:49
zSfQCVUpMOsvtX@mail.ru,DELETE,2024-09-30 21:51:34
oAbIL@mail.ru,UPDATE,2024-09-30 22:52:49
PyGtVF@gmail.com,UPDATE,2024-09-30 18:40:49
oAbIL@mail.ru,CREATE,2024-09-30 03:41:09
vZtnzh@gmail.com,UPDATE,2024-09-30 22:45:55
JQIQXiKY@ya.ru,CREATE,2024-09-30 05:15:04
zSfQCVUpMOsvtX@mail.ru,UPDATE,2024-09-30 23:42:17
BLHFd@ya.ru,UPDATE,2024-09-30 10:56:45
ioFEDePcH@ya.ru,READ,2024-09-30 14:27:58
zSfQCVUpMOsvtX@mail.ru,CREATE,2024-09-30 13:37:36
lHjcR@ya.ru,DELETE,2024-09-30 01:02:28
lHjcR@ya.ru,READ,2024-09-30 08:26:22
zSfQCVUpMOsvtX@mail.ru,UPDATE,2024-09-30 08:51:04
JQIQXiKY@ya.ru,UPDATE,2024-09-30 00:32:55
lHjcR@ya.ru,UPDATE,2024-09-30 13:13:56
oAbIL@mail.ru,READ,2024-09-30 02:50:10
vqEZJHoXTQEn@gmail.com,DELETE,2024-09-30 09:48:20
lHjcR@ya.ru,CREATE,2024-09-30 13:33:59
zSfQCVUpMOsvtX@mail.ru,CREATE,2024-09-30 22:26:34
lHjcR@ya.ru,DELETE,2024-09-30 21:25:46
JQIQXiKY@ya.ru,CREATE,2024-09-30 09:43:18
JQIQXiKY@ya.ru,DELETE,2024-09-30 07:32:50
lHjcR@ya.ru,READ,2024-09-30 20:49:48
oAbIL@mail.ru,UPDATE,2024-09-30 06:17:10
vZtnzh@gmail.com,CREATE,2024-09-30 15:47:50
lHjcR@ya.ru,CREATE,2024-09-30 20:16:57
JQIQXiKY@ya.ru,CREATE,2024-09-30 08:47:49
PyGtVF@gmail.com,READ,2024-09-30 05:49:04
qqGwUdmEMl@mail.ru,READ,2024-09-30 05:06:01
lHjcR@ya.ru,READ,2024-09-30 02:49:50
zSfQCVUpMOsvtX@mail.ru,CREATE,2024-09-30 00:47:14
PyGtVF@gmail.com,CREATE,2024-09-30 16:19:56
lHjcR@ya.ru,CREATE,2024-09-30 01:05:24
vqEZJHoXTQEn@gmail.com,UPDATE,2024-09-30 05:58:32
ioFEDePcH@ya.ru,READ,2024-09-30 10:58:50
ioFEDePcH@ya.ru,READ,2024-09-30 06:38:49
PyGtVF@gmail.com,UPDATE,2024-09-30 14:52:40
ioFEDePcH@ya.ru,READ,2024-09-30 07:04:37
PyGtVF@gmail.com,CREATE,2024-09-30 11:10:06
zSfQCVUpMOsvtX@mail.ru,DELETE,2024-09-30 12:18:04
qqGwUdmEMl@mail.ru,CREATE,2024-09-30 00:13:25
PyGtVF@gmail.com,CREATE,2024-09-30 15:04:54
lHjcR@ya.ru,READ,2024-09-30 00:22:55
qqGwUdmEMl@mail.ru,DELETE,2024-09-30 18:28:13
BLHFd@ya.ru,CREATE,2024-09-30 17:53:21
vqEZJHoXTQEn@gmail.com,READ,2024-09-30 04:07:04
vZtnzh@gmail.com,UPDATE,2024-09-30 05:41:57
lHjcR@ya.ru,DELETE,2024-09-30 18:31:00
BLHFd@ya.ru,DELETE,2024-09-30 22:46:10
zSfQCVUpMOsvtX@mail.ru,UPDATE,2024-09-30 08:34:42
PyGtVF@gmail.com,CREATE,2024-09-30 03:54:15
qqGwUdmEMl@mail.ru,READ,2024-09-30 23:37:58
qqGwUdmEMl@mail.ru,DELETE,2024-09-30 00:29:46
vZtnzh@gmail.com,READ,2024-09-30 05:34:47
ioFEDePcH@ya.ru,DELETE,2024-09-30 12:48:32
lHjcR@ya.ru,DELETE,2024-09-30 20:06:19
JQIQXiKY@ya.ru,DELETE,2024-09-30 00:42:01
PyGtVF@gmail.com,UPDATE,2024-09-30 22:24:11
BLHFd@ya.ru,CREATE,2024-09-30 17:11:27
zSfQCVUpMOsvtX@mail.ru,CREATE,2024-09-30 22:01:17
JQIQXiKY@ya.ru,CREATE,2024-09-30 08:11:04
lHjcR@ya.ru,UPDATE,2024-09-30 22:25:37
vZtnzh@gmail.com,DELETE,2024-09-30 11:07:53
zSfQCVUpMOsvtX@mail.ru,READ,2024-09-30 20:04:00
lHjcR@ya.ru,READ,2024-09-30 23:38:26
ioFEDePcH@ya.ru,UPDATE,2024-09-30 13:52:03
zSfQCVUpMOsvtX@mail.ru,UPDATE,2024-09-30 10:36:47
zSfQCVUpMOsvtX@mail.ru,READ,2024-09-30 09:31:26
JQIQXiKY@ya.ru,CREATE,2024-09-30 20:07:42
BLHFd@ya.ru,CREATE,2024-09-30 09:53:45
qqGwUdmEMl@mail.ru,UPDATE,2024-09-30 07:59:38
ioFEDePcH@ya.ru,READ,2024-09-30 04:00:06
JQIQXiKY@ya.ru,CREATE,2024-09-30 18:58:05
qqGwUdmEMl@mail.ru,CREATE,2024-09-30 14:26:45
vqEZJHoXTQEn@gmail.com,DELETE,2024-09-30 23:07:36
zSfQCVUpMOsvtX@mail.ru,DELETE,2024-09-30 21:11:30
vqEZJHoXTQEn@gmail.com,DELETE,2024-09-30 09:11:01
vZtnzh@gmail.com,CREATE,2024-09-30 00:44:04
vqEZJHoXTQEn@gmail.com,CREATE,2024-09-30 07:35:06
qqGwUdmEMl@mail.ru,DELETE,2024-09-30 03:33:05
JQIQXiKY@ya.ru,DELETE,2024-09-30 09:02:40
BLHFd@ya.ru,UPDATE,2024-09-30 22:09:20
PyGtVF@gmail.com,CREATE,2024-09-30 04:32:05
lHjcR@ya.ru,CREATE,2024-09-30 09:11:34
zSfQCVUpMOsvtX@mail.ru,READ,2024-09-30 21:12:04
vqEZJHoXTQEn@gmail.com,UPDATE,2024-09-30 02:53:56
zSfQCVUpMOsvtX@mail.ru,CREATE,2024-09-30 16:06:05
vqEZJHoXTQEn@gmail.com,CREATE,2024-09-30 04:38:22
vqEZJHoXTQEn@gmail.com,UPDATE,2024-09-30 22:08:04
PyGtVF@gmail.com,READ,2024-09-30 03:28:22
lHjcR@ya.ru,UPDATE,2024-09-30 09:16:45
oAbIL@mail.ru,CREATE,2024-09-30 22:06:18
JQIQXiKY@ya.ru,UPDATE,2024-09-30 12:08:20
JQIQXiKY@ya.ru,READ,2024-09-30 15:55:36
vqEZJHoXTQEn@gmail.com,UPDATE,2024-09-30 17:20:36
zSfQCVUpMOsvtX@mail.ru,DELETE,2024-09-30 01:48:07
PyGtVF@gmail.com,UPDATE,2024-09-30 15:23:12
lHjcR@ya.ru,UPDATE,2024-09-30 05:32:01
BLHFd@ya.ru,UPDATE,2024-09-30 15:01:38
ioFEDePcH@ya.ru,CREATE,2024-09-30 14:04:43
vqEZJHoXTQEn@gmail.com,UPDATE,2024-09-30 10:05:56
qqGwUdmEMl@mail.ru,DELETE,2024-09-30 06:20:18
vZtnzh@gmail.com,READ,2024-09-30 03:22:41
qqGwUdmEMl@mail.ru,UPDATE,2024-09-30 13:49:56
PyGtVF@gmail.com,CREATE,2024-09-30 20:03:08
qqGwUdmEMl@mail.ru,CREATE,2024-09-30 09:38:28
vqEZJHoXTQEn@gmail.com,UPDATE,2024-09-30 12:46:03
ioFEDePcH@ya.ru,CREATE,2024-09-30 13:22:21
lHjcR@ya.ru,READ,2024-09-30 05:41:39
lHjcR@ya.ru,CREATE,2024-09-30 14:05:12
ioFEDePcH@ya.ru,DELETE,2024-09-30 18:29:12
JQIQXiKY@ya.ru,DELETE,2024-09-30 12:14:49
vqEZJHoXTQEn@gmail.com,UPDATE,2024-09-30 06:26:56
vZtnzh@gmail.com,READ,2024-09-30 05:20:55
PyGtVF@gmail.com,DELETE,2024-09-30 06:21:15
vZtnzh@gmail.com,CREATE,2024-09-30 00:44:26
JQIQXiKY@ya.ru,UPDATE,2024-09-30 22:57:09
BLHFd@ya.ru,UPDATE,2024-09-30 00:46:53
JQIQXiKY@ya.ru,READ,2024-09-30 20:53:07
vqEZJHoXTQEn@gmail.com,UPDATE,2024-09-30 09:19:14
vqEZJHoXTQEn@gmail.com,UPDATE,2024-09-30 10:24:54
ioFEDePcH@ya.ru,DELETE,2024-09-30 17:24:25
JQIQXiKY@ya.ru,READ,2024-09-30 10:38:09
ioFEDePcH@ya.ru,CREATE,2024-09-30 19:53:46
qqGwUdmEMl@mail.ru,READ,2024-09-30 16:56:11
BLHFd@ya.ru,UPDATE,2024-09-30 06:57:44
zSfQCVUpMOsvtX@mail.ru,UPDATE,2024-09-30 14:38:06
lHjcR@ya.ru,READ,2024-09-30 22:56:24
vZtnzh@gmail.com,CREATE,2024-09-30 17:19:45
JQIQXiKY@ya.ru,CREATE,2024-09-30 11:35:00
oAbIL@mail.ru,UPDATE,2024-09-30 22:26:03
ioFEDePcH@ya.ru,CREATE,2024-09-30 11:53:47
BLHFd@ya.ru,DELETE,2024-09-30 16:32:25
lHjcR@ya.ru,UPDATE,2024-09-30 00:59:02
vqEZJHoXTQEn@gmail.com,UPDATE,2024-09-30 03:54:26
BLHFd@ya.ru,CREATE,2024-09-30 15:00:47
PyGtVF@gmail.com,UPDATE,2024-09-30 18:34:39
zSfQCVUpMOsvtX@mail.ru,UPDATE,2024-09-30 03:51:50
PyGtVF@gmail.com,CREATE,2024-09-30 07:37:57
BLHFd@ya.ru,CREATE,2024-09-30 01:51:35
vZtnzh@gmail.com,READ,2024-09-30 02:34:47
vZtnzh@gmail.com,UPDATE,2024-09-30 12:38:31
zSfQCVUpMOsvtX@mail.ru,CREATE,2024-09-30 11:38:37
vZtnzh@gmail.com,CREATE,2024-09-30 21:39:55
lHjcR@ya.ru,CREATE,2024-09-30 05:06:36
JQIQXiKY@ya.ru,CREATE,2024-09-30 08:48:59
vqEZJHoXTQEn@gmail.com,READ,2024-09-30 21:30:00
vqEZJHoXTQEn@gmail.com,READ,2024-09-30 14:51:39
vZtnzh@gmail.com,CREATE,2024-09-30 03:06:51
ioFEDePcH@ya.ru,DELETE,2024-09-30 03:04:55
oAbIL@mail.ru,UPDATE,2024-09-30 01:57:34
JQIQXiKY@ya.ru,UPDATE,2024-09-30 13:07:50
ioFEDePcH@ya.ru,CREATE,2024-09-30 00:05:05
qqGwUdmEMl@mail.ru,READ,2024-09-30 01:02:46
vqEZJHoXTQEn@gmail.com,CREATE,2024-09-30 12:20:10
ioFEDePcH@ya.ru,UPDATE,2024-09-30 02:27:18
vZtnzh@gmail.com,CREATE,2024-09-30 05:26:57
PyGtVF@gmail.com,DELETE,2024-09-30 05:08:59
qqGwUdmEMl@mail.ru,CREATE,2024-09-30 21:28:21
PyGtVF@gmail.com,READ,2024-09-30 16:29:18
JQIQXiKY@ya.ru,CREATE,2024-09-30 15:26:37
zSfQCVUpMOsvtX@mail.ru,DELETE,2024-09-30 19:08:32
oAbIL@mail.ru,READ,2024-09-30 00:34:46
vqEZJHoXTQEn@gmail.com,READ,2024-09-30 01:52:08
JQIQXiKY@ya.ru,DELETE,2024-09-30 01:24:43
vqEZJHoXTQEn@gmail.com,READ,2024-09-30 14:08:45
PyGtVF@gmail.com,READ,2024-09-30 11:46:06
JQIQXiKY@ya.ru,CREATE,2024-09-30 21:47:03
PyGtVF@gmail.com,READ,2024-09-30 06:27:31
vZtnzh@gmail.com,READ,2024-09-30 20:03:45
ioFEDePcH@ya.ru,READ,2024-09-30 20:16:12
PyGtVF@gmail.com,CREATE,2024-09-30 14:05:36
vZtnzh@gmail.com,UPDATE,2024-09-30 00:37:21
PyGtVF@gmail.com,READ,2024-09-30 18:34:42
vqEZJHoXTQEn@gmail.com,DELETE,2024-09-30 13:35:51
PyGtVF@gmail.com,CREATE,2024-09-30 09:22:31
vqEZJHoXTQEn@gmail.com,UPDATE,2024-09-30 22:52:30
BLHFd@ya.ru,UPDATE,2024-09-30 16:21:51
PyGtVF@gmail.com,CREATE,2024-09-30 18:35:28
JQIQXiKY@ya.ru,UPDATE,2024-09-30 10:49:05
lHjcR@ya.ru,CREATE,2024-09-30 19:04:59
BLHFd@ya.ru,CREATE,2024-09-30 19:03:57
vqEZJHoXTQEn@gmail.com,CREATE,2024-09-30 01:06:15
PyGtVF@gmail.com,CREATE,2024-09-30 22:15:25
oAbIL@mail.ru,READ,2024-09-30 15:44:11
zSfQCVUpMOsvtX@mail.ru,UPDATE,2024-09-30 06:50:41
vqEZJHoXTQEn@gmail.com,READ,2024-09-30 13:20:07
vqEZJHoXTQEn@gmail.com,DELETE,2024-09-30 22:22:54
lHjcR@ya.ru,READ,2024-09-30 18:21:39
BLHFd@ya.ru,UPDATE,2024-09-30 01:54:17
qqGwUdmEMl@mail.ru,CREATE,2024-09-30 17:23:26
lHjcR@ya.ru,READ,2024-09-30 17:44:20
oAbIL@mail.ru,CREATE,2024-09-30 12:22:22
PyGtVF@gmail.com,READ,2024-09-30 19:18:24
zSfQCVUpMOsvtX@mail.ru,UPDATE,2024-09-30 12:44:58
ioFEDePcH@ya.ru,UPDATE,2024-09-30 22:14:23
BLHFd@ya.ru,UPDATE,2024-09-30 11:33:38
vqEZJHoXTQEn@gmail.com,CREATE,2024-09-30 21:54:42
ioFEDePcH@ya.ru,READ,2024-09-30 23:36:24
zSfQCVUpMOsvtX@mail.ru,CREATE,2024-09-30 12:35:37
PyGtVF@gmail.com,UPDATE,2024-09-30 01:32:17
oAbIL@mail.ru,READ,2024-09-30 11:45:50
zSfQCVUpMOsvtX@mail.ru,CREATE,2024-09-30 01:14:28
vqEZJHoXTQEn@gmail.com,DELETE,2024-09-30 00:29:39
ioFEDePcH@ya.ru,DELETE,2024-09-30 17:33:07
zSfQCVUpMOsvtX@mail.ru,UPDATE,2024-09-30 19:56:40
qqGwUdmEMl@mail.ru,UPDATE,2024-09-30 14:15:39
lHjcR@ya.ru,READ,2024-09-30 03:32:43
zSfQCVUpMOsvtX@mail.ru,READ,2024-09-30 13:00:00
qqGwUdmEMl@mail.ru,DELETE,2024-09-30 16:30:13
JQIQXiKY@ya.ru,DELETE,2024-09-30 06:25:39
PyGtVF@gmail.com,UPDATE,2024-09-30 07:01:16
BLHFd@ya.ru,READ,2024-09-30 23:09:39
qqGwUdmEMl@mail.ru,DELETE,2024-09-30 01:31:29
vZtnzh@gmail.com,UPDATE,2024-09-30 05:15:36
vqEZJHoXTQEn@gmail.com,UPDATE,2024-09-30 10:37:57
BLHFd@ya.ru,READ,2024-09-30 08:13:16
qqGwUdmEMl@mail.ru,UPDATE,2024-09-30 13:46:35
oAbIL@mail.ru,CREATE,2024-09-30 21:45:04
oAbIL@mail.ru,DELETE,2024-09-30 08:16:27
qqGwUdmEMl@mail.ru,DELETE,2024-09-30 05:16:45
vZtnzh@gmail.com,UPDATE,2024-09-30 10:59:26
BLHFd@ya.ru,UPDATE,2024-09-30 09:59:41
BLHFd@ya.ru,READ,2024-09-30 21:20:53
JQIQXiKY@ya.ru,DELETE,2024-09-30 04:08:09
lHjcR@ya.ru,DELETE,2024-09-30 14:30:43
ioFEDePcH@ya.ru,CREATE,2024-09-30 02:52:37
ioFEDePcH@ya.ru,UPDATE,2024-09-30 02:35:26
vqEZJHoXTQEn@gmail.com,UPDATE,2024-09-30 11:12:46
vZtnzh@gmail.com,DELETE,2024-09-30 16:55:21
ioFEDePcH@ya.ru,CREATE,2024-09-30 07:48:40
lHjcR@ya.ru,READ,2024-09-30 12:11:51
zSfQCVUpMOsvtX@mail.ru,DELETE,2024-09-30 09:19:53
BLHFd@ya.ru,CREATE,2024-09-30 02:44:24
qqGwUdmEMl@mail.ru,READ,2024-09-30 19:28:31
vqEZJHoXTQEn@gmail.com,DELETE,2024-09-30 16:46:21
BLHFd@ya.ru,DELETE,2024-09-30 10:59:31
JQIQXiKY@ya.ru,UPDATE,2024-09-30 15:08:24
vZtnzh@gmail.com,DELETE,2024-09-30 07:19:24
oAbIL@mail.ru,UPDATE,2024-09-30 14:38:33
oAbIL@mail.ru,READ,2024-09-30 17:51:40
PyGtVF@gmail.com,DELETE,2024-09-30 15:16:20
oAbIL@mail.ru,DELETE,2024-09-30 18:14:51
ioFEDePcH@ya.ru,CREATE,2024-09-30 16:55:49
qqGwUdmEMl@mail.ru,READ,2024-09-30 23:29:48
qqGwUdmEMl@mail.ru,CREATE,2024-09-30 19:51:51
vZtnzh@gmail.com,DELETE,2024-09-30 16:42:16
vZtnzh@gmail.com,CREATE,2024-09-30 12:03:18
PyGtVF@gmail.com,CREATE,2024-09-30 18:14:02
ioFEDePcH@ya.ru,READ,2024-09-30 15:57:56
qqGwUdmEMl@mail.ru,DELETE,2024-09-30 19:13:52
BLHFd@ya.ru,READ,2024-09-30 13:12:23
vqEZJHoXTQEn@gmail.com,UPDATE,2024-09-30 19:06:14
PyGtVF@gmail.com,UPDATE,2024-09-30 04:29:15
JQIQXiKY@ya.ru,READ,2024-09-30 22:17:32
zSfQCVUpMOsvtX@mail.ru,READ,2024-09-30 06:23:13
ioFEDePcH@ya.ru,READ,2024-09-30 12:14:15
lHjcR@ya.ru,UPDATE,2024-09-30 13:26:50
vqEZJHoXTQEn@gmail.com,CREATE,2024-09-30 12:27:52
BLHFd@ya.ru,DELETE,2024-09-30 02:28:16
lHjcR@ya.ru,DELETE,2024-09-30 06:30:03
qqGwUdmEMl@mail.ru,CREATE,2024-09-30 17:57:56
JQIQXiKY@ya.ru,READ,2024-09-30 05:18:18
BLHFd@ya.ru,UPDATE,2024-09-30 07:04:02
ioFEDePcH@ya.ru,READ,2024-09-30 22:35:52
BLHFd@ya.ru,UPDATE,2024-09-30 18:09:52
lHjcR@ya.ru,READ,2024-09-30 02:37:04
vqEZJHoXTQEn@gmail.com,CREATE,2024-09-30 21:27:44
qqGwUdmEMl@mail.ru,UPDATE,2024-09-30 18:01:39
JQIQXiKY@ya.ru,DELETE,2024-09-30 12:31:01
BLHFd@ya.ru,READ,2024-09-30 01:42:07
qqGwUdmEMl@mail.ru,CREATE,2024-09-30 12:07:56
ioFEDePcH@ya.ru,CREATE,2024-09-30 16:39:24
oAbIL@mail.ru,READ,2024-09-30 23:36:23
PyGtVF@gmail.com,READ,2024-09-30 02:22:16
JQIQXiKY@ya.ru,DELETE,2024-09-30 10:00:03
BLHFd@ya.ru,READ,2024-09-30 22:47:38
vqEZJHoXTQEn@gmail.com,UPDATE,2024-09-30 03:17:07
PyGtVF@gmail.com,CREATE,2024-09-30 10:03:12
qqGwUdmEMl@mail.ru,UPDATE,2024-09-30 05:43:56
oAbIL@mail.ru,UPDATE,2024-09-30 09:22:52
JQIQXiKY@ya.ru,CREATE,2024-09-30 18:53:19
zSfQCVUpMOsvtX@mail.ru,UPDATE,2024-09-30 18:05:22
ioFEDePcH@ya.ru,DELETE,2024-09-30 17:25:26
PyGtVF@gmail.com,UPDATE,2024-09-30 12:50:25
PyGtVF@gmail.com,CREATE,2024-09-30 22:50:20
PyGtVF@gmail.com,CREATE,2024-09-30 14:02:06
BLHFd@ya.ru,CREATE,2024-09-30 04:49:01
vqEZJHoXTQEn@gmail.com,DELETE,2024-09-30 23:18:54
BLHFd@ya.ru,READ,2024-09-30 08:48:48
ioFEDePcH@ya.ru,DELETE,2024-09-30 22:06:04
oAbIL@mail.ru,READ,2024-09-30 20:13:28
oAbIL@mail.ru,DELETE,2024-09-30 11:51:33
ioFEDePcH@ya.ru,CREATE,2024-09-30 02:56:41
JQIQXiKY@ya.ru,CREATE,2024-09-30 18:49:31
qqGwUdmEMl@mail.ru,READ,2024-09-30 21:10:09
oAbIL@mail.ru,DELETE,2024-09-30 07:20:19
JQIQXiKY@ya.ru,DELETE,2024-09-30 10:44:01
vZtnzh@gmail.com,CREATE,2024-09-30 21:48:27
oAbIL@mail.ru,DELETE,2024-09-30 11:24:40
vqEZJHoXTQEn@gmail.com,DELETE,2024-09-30 10:56:41
qqGwUdmEMl@mail.ru,CREATE,2024-09-30 16:18:54
PyGtVF@gmail.com,READ,2024-09-30 05:32:51
lHjcR@ya.ru,DELETE,2024-09-30 18:13:53
vqEZJHoXTQEn@gmail.com,READ,2024-09-30 22:51:00
PyGtVF@gmail.com,CREATE,2024-09-30 18:26:10
BLHFd@ya.ru,READ,2024-09-30 14:58:23
vZtnzh@gmail.com,UPDATE,2024-09-30 09:02:13
zSfQCVUpMOsvtX@mail.ru,UPDATE,2024-09-30 02:31:47
ioFEDePcH@ya.ru,DELETE,2024-09-30 06:11:55
BLHFd@ya.ru,READ,2024-09-30 19:35:36
BLHFd@ya.ru,DELETE,2024-09-30 07:02:18
lHjcR@ya.ru,DELETE,2024-09-30 10:28:29
JQIQXiKY@ya.ru,READ,2024-09-30 22:19:46
ioFEDePcH@ya.ru,READ,2024-09-30 13:13:36
JQIQXiKY@ya.ru,CREATE,2024-09-30 12:43:40
vqEZJHoXTQEn@gmail.com,DELETE,2024-09-30 13:41:14
BLHFd@ya.ru,UPDATE,2024-09-30 22:22:35
BLHFd@ya.ru,UPDATE,2024-09-30 14:36:02
vZtnzh@gmail.com,UPDATE,2024-09-30 22:11:55
lHjcR@ya.ru,CREATE,2024-09-30 03:57:32
JQIQXiKY@ya.ru,UPDATE,2024-09-30 08:18:58
BLHFd@ya.ru,UPDATE,2024-09-30 21:25:33
zSfQCVUpMOsvtX@mail.ru,DELETE,2024-09-30 10:43:10
vqEZJHoXTQEn@gmail.com,DELETE,2024-09-30 04:35:02
vZtnzh@gmail.com,READ,2024-09-30 03:16:02
vZtnzh@gmail.com,CREATE,2024-09-30 09:02:12
lHjcR@ya.ru,UPDATE,2024-09-30 20:39:38
oAbIL@mail.ru,DELETE,2024-09-30 08:33:47
vqEZJHoXTQEn@gmail.com,UPDATE,2024-09-30 03:07:22
lHjcR@ya.ru,READ,2024-09-30 23:18:17
ioFEDePcH@ya.ru,READ,2024-09-30 12:21:32
vZtnzh@gmail.com,DELETE,2024-09-30 04:10:45
lHjcR@ya.ru,CREATE,2024-09-30 22:11:20
qqGwUdmEMl@mail.ru,DELETE,2024-09-30 14:58:39
vqEZJHoXTQEn@gmail.com,CREATE,2024-09-30 08:58:44
ioFEDePcH@ya.ru,UPDATE,2024-09-30 18:25:52
vZtnzh@gmail.com,UPDATE,2024-09-30 18:15:14
PyGtVF@gmail.com,DELETE,2024-09-30 09:39:47
BLHFd@ya.ru,CREATE,2024-09-30 23:19:40
BLHFd@ya.ru,READ,2024-09-30 12:27:36
PyGtVF@gmail.com,READ,2024-09-30 17:07:51
qqGwUdmEMl@mail.ru,UPDATE,2024-09-30 15:13:23
JQIQXiKY@ya.ru,UPDATE,2024-09-30 07:38:15
JQIQXiKY@ya.ru,READ,2024-09-30 07:45:02
JQIQXiKY@ya.ru,READ,2024-09-30 04:48:01
qqGwUdmEMl@mail.ru,UPDATE,2024-09-30 21:17:03
JQIQXiKY@ya.ru,READ,2024-09-30 19:47:38
oAbIL@mail.ru,DELETE,2024-09-30 19:53:05
qqGwUdmEMl@mail.ru,READ,2024-09-30 00:34:46
zSfQCVUpMOsvtX@mail.ru,READ,2024-09-30 17:09:19
ioFEDePcH@ya.ru,DELETE,2024-09-30 13:31:01
vqEZJHoXTQEn@gmail.com,CREATE,2024-09-30 05:24:36
lHjcR@ya.ru,UPDATE,2024-09-30 19:47:15
vZtnzh@gmail.com,DELETE,2024-09-30 06:36:57
PyGtVF@gmail.com,READ,2024-09-30 18:05:24
vqEZJHoXTQEn@gmail.com,UPDATE,2024-09-30 13:21:17
lHjcR@ya.ru,CREATE,2024-09-30 07:52:49
BLHFd@ya.ru,UPDATE,2024-09-30 15:13:09
zSfQCVUpMOsvtX@mail.ru,READ,2024-09-30 15:07:57
qqGwUdmEMl@mail.ru,CREATE,2024-09-30 06:49:25
zSfQCVUpMOsvtX@mail.ru,CREATE,2024-09-30 12:06:22
JQIQXiKY@ya.ru,READ,2024-09-30 12:08:34
JQIQXiKY@ya.ru,READ,2024-09-30 20:23:40
lHjcR@ya.ru,UPDATE,2024-09-30 15:07:51
zSfQCVUpMOsvtX@mail.ru,DELETE,2024-09-30 13:00:23
oAbIL@mail.ru,DELETE,2024-09-30 04:19:13
PyGtVF@gmail.com,READ,2024-09-30 07:24:40
zSfQCVUpMOsvtX@mail.ru,CREATE,2024-09-30 11:24:35
lHjcR@ya.ru,READ,2024-09-30 01:34:13
lHjcR@ya.ru,UPDATE,2024-09-30 14:43:56
lHjcR@ya.ru,CREATE,2024-09-30 14:33:32
vqEZJHoXTQEn@gmail.com,UPDATE,2024-09-30 14:11:51
lHjcR@ya.ru,CREATE,2024-09-30 09:03:26
ioFEDePcH@ya.ru,CREATE,2024-09-30 10:41:29
vqEZJHoXTQEn@gmail.com,CREATE,2024-09-30 15:55:06
vZtnzh@gmail.com,CREATE,2024-09-30 01:41:44
oAbIL@mail.ru,UPDATE,2024-09-30 14:51:19
vqEZJHoXTQEn@gmail.com,UPDATE,2024-09-30 09:34:37
vqEZJHoXTQEn@gmail.com,UPDATE,2024-09-30 18:28:37
PyGtVF@gmail.com,DELETE,2024-09-30 19:41:51
vqEZJHoXTQEn@gmail.com,UPDATE,2024-09-30 01:08:10
JQIQXiKY@ya.ru,READ,2024-09-30 22:15:09
lHjcR@ya.ru,UPDATE,2024-09-30 10:44:57
qqGwUdmEMl@mail.ru,DELETE,2024-09-30 18:37:24
JQIQXiKY@ya.ru,READ,2024-09-30 04:38:19
zSfQCVUpMOsvtX@mail.ru,UPDATE,2024-09-30 00:06:05
BLHFd@ya.ru,DELETE,2024-09-30 22:34:23
zSfQCVUpMOsvtX@mail.ru,UPDATE,2024-09-30 13:45:05
vZtnzh@gmail.com,UPDATE,2024-09-30 11:55:12
vqEZJHoXTQEn@gmail.com,DELETE,2024-09-30 18:07:10
lHjcR@ya.ru,DELETE,2024-09-30 16:05:07
qqGwUdmEMl@mail.ru,DELETE,2024-09-30 22:47:08
BLHFd@ya.ru,CREATE,2024-09-30 02:26:41
qqGwUdmEMl@mail.ru,READ,2024-09-30 09:28:00
vqEZJHoXTQEn@gmail.com,CREATE,2024-09-30 19:38:44
ioFEDePcH@ya.ru,DELETE,2024-09-30 15:19:27
PyGtVF@gmail.com,CREATE,2024-09-30 05:21:56
vZtnzh@gmail.com,READ,2024-09-30 11:30:02
BLHFd@ya.ru,UPDATE,2024-09-30 21:57:20
vZtnzh@gmail.com,READ,2024-09-30 18:32:53
vqEZJHoXTQEn@gmail.com,CREATE,2024-09-30 20:17:41
vqEZJHoXTQEn@gmail.com,DELETE,2024-09-30 01:30:51
PyGtVF@gmail.com,DELETE,2024-09-30 20:52:59
ioFEDePcH@ya.ru,READ,2024-09-30 01:52:48
lHjcR@ya.ru,UPDATE,2024-09-30 12:08:46
PyGtVF@gmail.com,UPDATE,2024-09-30 08:12:25
ioFEDePcH@ya.ru,READ,2024-09-30 23:13:00
vqEZJHoXTQEn@gmail.com,UPDATE,2024-09-30 17:51:24
PyGtVF@gmail.com,UPDATE,2024-09-30 07:15:48
PyGtVF@gmail.com,DELETE,2024-09-30 10:09:52
vZtnzh@gmail.com,CREATE,2024-09-30 15:07:29
lHjcR@ya.ru,CREATE,2024-09-30 09:24:03
qqGwUdmEMl@mail.ru,READ,2024-09-30 15:11:24
vqEZJHoXTQEn@gmail.com,UPDATE,2024-09-30 02:39:14
lHjcR@ya.ru,CREATE,2024-09-30 07:07:21
zSfQCVUpMOsvtX@mail.ru,UPDATE,2024-09-30 10:03:53
zSfQCVUpMOsvtX@mail.ru,READ,2024-09-30 15:01:46
BLHFd@ya.ru,CREATE,2024-09-30 23:38:03
BLHFd@ya.ru,READ,2024-09-30 05:36:53
JQIQXiKY@ya.ru,UPDATE,2024-09-30 23:20:22
JQIQXiKY@ya.ru,DELETE,2024-09-30 02:25:36
zSfQCVUpMOsvtX@mail.ru,UPDATE,2024-09-30 04:33:05
zSfQCVUpMOsvtX@mail.ru,CREATE,2024-09-30 18:08:51
qqGwUdmEMl@mail.ru,UPDATE,2024-09-30 00:13:03
PyGtVF@gmail.com,DELETE,2024-09-30 13:19:03
lHjcR@ya.ru,READ,2024-09-30 12:23:08
PyGtVF@gmail.com,READ,2024-09-30 05:56:42
lHjcR@ya.ru,UPDATE,2024-09-30 09:31:05
ioFEDePcH@ya.ru,CREATE,2024-09-30 06:14:20
JQIQXiKY@ya.ru,CREATE,2024-09-30 12:51:11
oAbIL@mail.ru,UPDATE,2024-09-30 12:28:23
JQIQXiKY@ya.ru,UPDATE,2024-09-30 16:41:33
PyGtVF@gmail.com,UPDATE,2024-09-30 10:45:35
JQIQXiKY@ya.ru,READ,2024-09-30 23:37:09
BLHFd@ya.ru,DELETE,2024-09-30 14:45:11
PyGtVF@gmail.com,CREATE,2024-09-30 03:08:36
zSfQCVUpMOsvtX@mail.ru,UPDATE,2024-09-30 07:33:31
vZtnzh@gmail.com,UPDATE,2024-09-30 14:28:26
vqEZJHoXTQEn@gmail.com,CREATE,2024-09-30 22:41:31
qqGwUdmEMl@mail.ru,UPDATE,2024-09-30 11:17:27
oAbIL@mail.ru,UPDATE,2024-09-30 13:16:07
vZtnzh@gmail.com,READ,2024-09-30 23:12:19
BLHFd@ya.ru,READ,2024-09-30 07:00:06
JQIQXiKY@ya.ru,UPDATE,2024-09-30 02:50:21
PyGtVF@gmail.com,READ,2024-09-30 01:50:14
zSfQCVUpMOsvtX@mail.ru,READ,2024-09-30 07:12:42
BLHFd@ya.ru,READ,2024-09-30 08:51:50
lHjcR@ya.ru,CREATE,2024-09-30 13:46:36
BLHFd@ya.ru,DELETE,2024-09-30 15:47:10
BLHFd@ya.ru,DELETE,2024-09-30 06:32:51
vZtnzh@gmail.com,UPDATE,2024-09-30 18:56:15
lHjcR@ya.ru,UPDATE,2024-09-30 06:00:09
vqEZJHoXTQEn@gmail.com,READ,2024-09-30 04:06:04
vZtnzh@gmail.com,CREATE,2024-09-30 07:53:30
BLHFd@ya.ru,DELETE,2024-09-30 20:49:22
qqGwUdmEMl@mail.ru,DELETE,2024-09-30 03:25:09
vZtnzh@gmail.com,UPDATE,2024-09-30 09:27:07
oAbIL@mail.ru,CREATE,2024-09-30 11:06:48
JQIQXiKY@ya.ru,CREATE,2024-09-30 10:07:36
JQIQXiKY@ya.ru,UPDATE,2024-09-30 22:46:27
qqGwUdmEMl@mail.ru,READ,2024-09-30 13:11:49
qqGwUdmEMl@mail.ru,CREATE,2024-09-30 13:44:11
oAbIL@mail.ru,DELETE,2024-09-30 18:14:48
vZtnzh@gmail.com,CREATE,2024-09-30 08:59:09
BLHFd@ya.ru,CREATE,2024-09-30 00:19:23
zSfQCVUpMOsvtX@mail.ru,DELETE,2024-09-30 08:02:21
JQIQXiKY@ya.ru,UPDATE,2024-09-30 23:35:45
qqGwUdmEMl@mail.ru,DELETE,2024-09-30 18:19:25
qqGwUdmEMl@mail.ru,READ,2024-09-30 01:56:02
PyGtVF@gmail.com,READ,2024-09-30 05:18:11
PyGtVF@gmail.com,READ,2024-09-30 20:29:06
oAbIL@mail.ru,DELETE,2024-09-30 16:46:58
ioFEDePcH@ya.ru,CREATE,2024-09-30 06:51:31
oAbIL@mail.ru,UPDATE,2024-09-30 20:56:36
vqEZJHoXTQEn@gmail.com,READ,2024-09-30 19:54:36
vZtnzh@gmail.com,DELETE,2024-09-30 15:21:05
zSfQCVUpMOsvtX@mail.ru,CREATE,2024-09-30 18:51:03
vZtnzh@gmail.com,UPDATE,2024-09-30 08:47:32
vqEZJHoXTQEn@gmail.com,DELETE,2024-09-30 05:06:21
PyGtVF@gmail.com,CREATE,2024-09-30 17:54:29
vZtnzh@gmail.com,UPDATE,2024-09-30 08:30:40
vZtnzh@gmail.com,UPDATE,2024-09-30 17:22:39
PyGtVF@gmail.com,READ,2024-09-30 14:19:14
vqEZJHoXTQEn@gmail.com,READ,2024-09-30 16:36:23
JQIQXiKY@ya.ru,DELETE,2024-09-30 14:50:07
zSfQCVUpMOsvtX@mail.ru,UPDATE,2024-09-30 19:05:40
JQIQXiKY@ya.ru,READ,2024-09-30 15:27:44
qqGwUdmEMl@mail.ru,DELETE,2024-09-30 07:48:29
ioFEDePcH@ya.ru,READ,2024-09-30 23:40:32
vZtnzh@gmail.com,DELETE,2024-09-30 10:37:14
PyGtVF@gmail.com,UPDATE,2024-09-30 02:57:11
PyGtVF@gmail.com,CREATE,2024-09-30 19:32:21
vZtnzh@gmail.com,CREATE,2024-09-30 05:31:03
vZtnzh@gmail.com,DELETE,2024-09-30 14:35:02
vZtnzh@gmail.com,CREATE,2024-09-30 18:34:49
PyGtVF@gmail.com,CREATE,2024-09-30 09:00:51
zSfQCVUpMOsvtX@mail.ru,UPDATE,2024-09-30 06:29:20
vqEZJHoXTQEn@gmail.com,CREATE,2024-09-30 08:20:39
zSfQCVUpMOsvtX@mail.ru,CREATE,2024-09-30 14:57:23
zSfQCVUpMOsvtX@mail.ru,READ,2024-09-30 17:17:15
BLHFd@ya.ru,READ,2024-09-30 00:37:05
oAbIL@mail.ru,READ,2024-09-30 05:02:27
qqGwUdmEMl@mail.ru,DELETE,2024-09-30 21:01:46
vqEZJHoXTQEn@gmail.com,UPDATE,2024-09-30 15:11:38
lHjcR@ya.ru,DELETE,2024-09-30 19:48:46
BLHFd@ya.ru,READ,2024-09-30 19:43:01
zSfQCVUpMOsvtX@mail.ru,READ,2024-09-30 18:25:58
zSfQCVUpMOsvtX@mail.ru,DELETE,2024-09-30 19:52:03
vqEZJHoXTQEn@gmail.com,UPDATE,2024-09-30 09:09:26
JQIQXiKY@ya.ru,CREATE,2024-09-30 23:48:34
vZtnzh@gmail.com,CREATE,2024-09-30 15:35:35
zSfQCVUpMOsvtX@mail.ru,DELETE,2024-09-30 01:49:46
oAbIL@mail.ru,UPDATE,2024-09-30 17:58:01
qqGwUdmEMl@mail.ru,READ,2024-09-30 13:01:28
JQIQXiKY@ya.ru,UPDATE,2024-09-30 12:45:27
ioFEDePcH@ya.ru,DELETE,2024-09-30 15:20:52
zSfQCVUpMOsvtX@mail.ru,READ,2024-09-30 02:49:58
vqEZJHoXTQEn@gmail.com,CREATE,2024-09-30 03:10:03
qqGwUdmEMl@mail.ru,UPDATE,2024-09-30 08:47:06
lHjcR@ya.ru,DELETE,2024-09-30 17:53:33
lHjcR@ya.ru,CREATE,2024-09-30 17:42:15
BLHFd@ya.ru,CREATE,2024-09-30 11:33:12
vqEZJHoXTQEn@gmail.com,READ,2024-09-30 19:01:02
vZtnzh@gmail.com,UPDATE,2024-09-30 16:43:55
oAbIL@mail.ru,READ,2024-09-30 11:56:30
vZtnzh@gmail.com,UPDATE,2024-09-30 01:51:26
oAbIL@mail.ru,CREATE,2024-09-30 04:21:42
PyGtVF@gmail.com,UPDATE,2024-09-30 12:59:13
qqGwUdmEMl@mail.ru,DELETE,2024-09-30 12:18:06
lHjcR@ya.ru,CREATE,2024-09-30 12:18:32
zSfQCVUpMOsvtX@mail.ru,UPDATE,2024-09-30 11:59:45
lHjcR@ya.ru,UPDATE,2024-09-30 16:37:15
JQIQXiKY@ya.ru,DELETE,2024-09-30 13:39:42
vZtnzh@gmail.com,UPDATE,2024-09-30 23:56:47
qqGwUdmEMl@mail.ru,CREATE,2024-09-30 14:22:15
BLHFd@ya.ru,CREATE,2024-09-30 18:50:04
PyGtVF@gmail.com,DELETE,2024-09-30 10:56:37
lHjcR@ya.ru,READ,2024-09-30 21:01:56
oAbIL@mail.ru,READ,2024-09-30 07:53:55
BLHFd@ya.ru,UPDATE,2024-09-30 10:01:27
qqGwUdmEMl@mail.ru,READ,2024-09-30 05:31:24
oAbIL@mail.ru,UPDATE,2024-09-30 17:19:02
vqEZJHoXTQEn@gmail.com,CREATE,2024-09-30 09:28:44
PyGtVF@gmail.com,READ,2024-09-30 02:18:05
zSfQCVUpMOsvtX@mail.ru,UPDATE,2024-09-30 16:29:18
lHjcR@ya.ru,CREATE,2024-09-30 12:06:46
vZtnzh@gmail.com,CREATE,2024-09-30 12:04:52
BLHFd@ya.ru,READ,2024-09-30 14:43:25
oAbIL@mail.ru,READ,2024-09-30 15:20:13
qqGwUdmEMl@mail.ru,DELETE,2024-09-30 08:11:22
BLHFd@ya.ru,DELETE,2024-09-30 05:20:58
vqEZJHoXTQEn@gmail.com,DELETE,2024-09-30 23:00:51
zSfQCVUpMOsvtX@mail.ru,UPDATE,2024-09-30 17:09:41
ioFEDePcH@ya.ru,UPDATE,2024-09-30 21:12:53
ioFEDePcH@ya.ru,READ,2024-09-30 07:19:09
ioFEDePcH@ya.ru,UPDATE,2024-09-30 23:43:39
BLHFd@ya.ru,CREATE,2024-09-30 02:43:43
JQIQXiKY@ya.ru,CREATE,2024-09-30 22:34:41
BLHFd@ya.ru,UPDATE,2024-09-30 03:42:30
qqGwUdmEMl@mail.ru,DELETE,2024-09-30 00:34:31
oAbIL@mail.ru,CREATE,2024-09-30 15:54:06
oAbIL@mail.ru,UPDATE,2024-09-30 21:05:22
BLHFd@ya.ru,DELETE,2024-09-30 23:04:03
PyGtVF@gmail.com,READ,2024-09-30 16:09:30
lHjcR@ya.ru,UPDATE,2024-09-30 18:49:24
lHjcR@ya.ru,CREATE,2024-09-30 12:04:27
oAbIL@mail.ru,CREATE,2024-09-30 23:01:56
JQIQXiKY@ya.ru,UPDATE,2024-09-30 09:00:48
qqGwUdmEMl@mail.ru,READ,2024-09-30 13:49:20
zSfQCVUpMOsvtX@mail.ru,DELETE,2024-09-30 03:56:28
vqEZJHoXTQEn@gmail.com,CREATE,2024-09-30 02:26:06
JQIQXiKY@ya.ru,CREATE,2024-09-30 09:26:47
qqGwUdmEMl@mail.ru,READ,2024-09-30 20:12:28
BLHFd@ya.ru,READ,2024-09-30 05:04:28
JQIQXiKY@ya.ru,UPDATE,2024-09-30 04:18:47
BLHFd@ya.ru,DELETE,2024-09-30 13:16:45
lHjcR@ya.ru,CREATE,2024-09-30 03:18:42
vZtnzh@gmail.com,READ,2024-09-30 21:24:37
zSfQCVUpMOsvtX@mail.ru,UPDATE,2024-09-30 19:57:58
qqGwUdmEMl@mail.ru,READ,2024-09-30 16:31:28
oAbIL@mail.ru,READ,2024-09-30 11:02:47
qqGwUdmEMl@mail.ru,READ,2024-09-30 04:15:41
lHjcR@ya.ru,UPDATE,2024-09-30 01:43:41
vqEZJHoXTQEn@gmail.com,CREATE,2024-09-30 09:39:10
zSfQCVUpMOsvtX@mail.ru,CREATE,2024-09-30 14:44:15
zSfQCVUpMOsvtX@mail.ru,READ,2024-09-30 11:39:29
ioFEDePcH@ya.ru,UPDATE,2024-09-30 01:01:46
BLHFd@ya.ru,UPDATE,2024-09-30 10:21:28
lHjcR@ya.ru,UPDATE,2024-09-30 17:50:41
vZtnzh@gmail.com,READ,2024-09-30 08:57:59
ioFEDePcH@ya.ru,UPDATE,2024-09-30 15:24:28
zSfQCVUpMOsvtX@mail.ru,DELETE,2024-09-30 05:02:08
vZtnzh@gmail.com,DELETE,2024-09-30 14:54:41
lHjcR@ya.ru,CREATE,2024-09-30 21:58:26
vqEZJHoXTQEn@gmail.com,UPDATE,2024-09-30 19:04:39
PyGtVF@gmail.com,UPDATE,2024-09-30 21:01:50
PyGtVF@gmail.com,CREATE,2024-09-30 23:09:33
oAbIL@mail.ru,CREATE,2024-09-30 21:43:14
BLHFd@ya.ru,CREATE,2024-09-30 11:02:14
lHjcR@ya.ru,UPDATE,2024-09-30 18:13:35
JQIQXiKY@ya.ru,CREATE,2024-09-30 15:05:54
vZtnzh@gmail.com,READ,2024-09-30 11:00:44
lHjcR@ya.ru,READ,2024-09-30 12:03:29
qqGwUdmEMl@mail.ru,UPDATE,2024-09-30 09:34:34
vZtnzh@gmail.com,READ,2024-09-30 20:29:27
lHjcR@ya.ru,DELETE,2024-09-30 15:34:59
vqEZJHoXTQEn@gmail.com,UPDATE,2024-09-30 18:59:14
PyGtVF@gmail.com,UPDATE,2024-09-30 23:13:06
JQIQXiKY@ya.ru,DELETE,2024-09-30 05:02:04
oAbIL@mail.ru,READ,2024-09-30 03:28:33
oAbIL@mail.ru,CREATE,2024-09-30 10:46:57
BLHFd@ya.ru,READ,2024-09-30 02:11:42
PyGtVF@gmail.com,CREATE,2024-09-30 21:52:32
ioFEDePcH@ya.ru,CREATE,2024-09-30 12:08:32